,u1,y1,y2,y_nominal1,y_nominal2,fault_u1,fault_y1,fault_y2,comp_fault
0,0.012458999579100412,0.28483356371561697,0.06396660187263406,0.2834389504114765,0.0008260668701977261,0.0,0.0,0.0,0.0
1,0.012747853032249802,-1.0210408734418805,0.14583896797062784,-0.9678639050891775,0.030553708294552243,0.0,0.0,0.0,0.0
2,0.01301318165857226,0.2610434298415205,-0.01690717846478992,0.256625168361797,0.001553794386876105,0.0,0.0,0.0,0.0
3,0.013254495821893707,-0.9255856332227952,0.016201740432380544,-0.9169214342923069,0.031565889872273524,0.0,0.0,0.0,0.0
4,0.013471350202214866,0.23021599453916938,0.15461238660081453,0.23158450438367723,0.002278653797112015,0.0,0.0,0.0,0.0
5,0.013663344617502673,-0.8611513552900564,0.026672550754383507,-0.8685614088312233,0.03251978320255044,0.0,0.0,0.0,0.0
6,0.013830124762184261,0.14648424394972853,-0.033921940271922094,0.20821476279972326,0.0029993077795284246,0.0,0.0,0.0,0.0
7,0.013971382860980775,-0.8295457260241208,0.1371180232215181,-0.8226523043727052,0.03341369058841298,0.0,0.0,0.0,0.0
8,0.014086858236874394,0.26952824819395005,0.2602401071405161,0.186419264808008,0.0037144257124642954,0.0,0.0,0.0,0.0
9,0.014176337792160444,-0.7372177466244991,0.019389685980149465,-0.7790696741369467,0.03424591740763827,0.0,0.0,0.0,0.0
10,0.014239656401696884,0.16593904297079998,0.06408837438399236,0.16610658434177084,0.004422689999980666,0.0,0.0,0.0,0.0
11,0.014276697217625456,-0.7401768660301947,0.05374239996990181,-0.7376957808904964,0.03501496943418445,0.0,0.0,0.0,0.0
12,0.014287391885002143,0.05483567973984614,0.03449390854987928,0.147190247142917,0.005122794634988005,0.0,0.0,0.0,0.0
13,0.014271720667939086,-0.6821229119643194,0.013816380762461555,-0.6984191350593034,0.035719429869585456,0.0,0.0,0.0,0.0
14,0.014229712486025062,0.12289763314695262,0.13920304650938645,0.12958847042054467,0.005813444103906664,0.0,0.0,0.0,0.0
15,0.014161444860957443,-0.6549353528052835,-0.07144634887823471,-0.6611342249251438,0.036357942611688274,0.0,0.0,0.0,0.0
16,0.014067043773484006,0.12193166996250486,0.05831511599959959,0.11322390239017723,0.0064933665632717396,0.0,0.0,0.0,0.0
17,0.01394668343091868,-0.5458098765245045,-0.05006812422378089,-0.6257412163473873,0.036929378732217966,0.0,0.0,0.0,0.0
18,0.013800585945660198,0.0720870941135352,-0.13727037337522402,0.09802338649625494,0.007161306950924128,0.0,0.0,0.0,0.0
19,0.013629020925306939,-0.6107740630258893,-0.06553359673735154,-0.592145612170843,0.037432670459069006,0.0,0.0,0.0,0.0
20,0.013432304975124371,0.1371176828710529,0.007782245929555501,0.08391774617162279,0.00781603234548931,0.0,0.0,0.0,0.0
21,0.0132108011137832,-0.6027526813116089,0.30741668153953783,-0.5602579357072445,0.03786688354929941,0.0,0.0,0.0,0.0
22,0.012964918103446462,-0.009466018989475147,0.07782134545090136,0.07084155985170103,0.008456333916081688,0.0,0.0,0.0,0.0
23,0.012695109695441789,-0.5190303890230754,0.02360810018650383,-0.5299934819117719,0.0382312096866782,0.0,0.0,0.0,0.0
24,0.01240187379291089,0.11953417873504914,0.19288064330973978,0.05873296260670587,0.009081032003607067,0.0,0.0,0.0,0.0
25,0.012085751531981477,-0.510661989577732,0.010814439932655295,-0.5012720527350305,0.03852500872695814,0.0,0.0,0.0,0.0
26,0.011747326283157245,0.09828383067175667,-0.10937570217974465,0.04753345636550044,0.009688969234821956,0.0,0.0,0.0,0.0
27,0.011387222574768749,-0.4788487989300904,0.09673878273088969,-0.4740177111074296,0.03874766061355384,0.0,0.0,0.0,0.0
28,0.011006104940471832,0.0264234027945386,0.0009673378750298875,0.03718772500029115,0.01027902668732678,0.0,0.0,0.0,0.0
29,0.010604676692920385,-0.4651497662875051,-0.04721294758908428,-0.4481585588615499,0.03889881937112489,0.0,0.0,0.0,0.0
30,0.01018367862587655,0.024319586393712678,-0.23040655395038906,0.02764346273000995,0.010850115031959033,0.0,0.0,0.0,0.0
31,0.00974388764715349,-0.40663078853496143,-0.04208630482905268,-0.42362650373556077,0.03897819471505341,0.0,0.0,0.0,0.0
32,0.009286115344913401,0.10014953556314263,0.17029093231827588,0.018851224476358956,0.011401180795148042,0.0,0.0,0.0,0.0
33,0.008811206489966642,-0.34093882192318536,0.20858421330772198,-0.40035703004711837,0.03898564527755004,0.0,0.0,0.0,0.0
34,0.008320037476835726,0.045692659961541864,-0.08195972557635592,0.010764262989950202,0.011931207619314705,0.0,0.0,0.0,0.0
35,0.007813514706461059,-0.39176378682622087,-0.03761309014529096,-0.37828899551546913,0.038921162782101365,0.0,0.0,0.0,0.0
36,0.007292572913533022,0.08660854315742643,-0.0929847066525736,0.003338388195034017,0.012439216351118942,0.0,0.0,0.0,0.0
37,0.006758173441537007,-0.37379452575044814,0.033823064427804736,-0.3573644705883092,0.038784851778999714,0.0,0.0,0.0,0.0
38,0.006211302468694824,-0.06252960247307797,-0.10886873916802584,-0.0034681745421534576,0.012924262522141105,0.0,0.0,0.0,0.0
39,0.005652969188076101,-0.3594452267480702,0.014929137238335756,-0.3375285768838608,0.038576970811676776,0.0,0.0,0.0,0.0
40,0.005084203945238252,-0.07793528868819462,-0.022488584350463588,-0.00969491087692959,0.013385457066257662,0.0,0.0,0.0,0.0
41,0.004506056336831704,-0.3061430166905314,0.08886307754732536,-0.31872929115230353,0.03829790146558502,0.0,0.0,0.0,0.0
42,0.003919593273679317,0.00984350081915802,-0.14857959361949397,-0.015379131808785584,0.01382195052240476,0.0,0.0,0.0,0.0
43,0.0033258970119042176,-0.37591841723904795,0.026494139492116285,-0.3009172581340788,0.03794815657712004,0.0,0.0,0.0,0.0
44,0.0027260631557395913,-0.09366947351524194,-0.03580492206621606,-0.020556096576278472,0.014232938869301139,0.0,0.0,0.0,0.0
45,0.002121198635705862,-0.2670638386873874,0.17130921397217358,-0.2840456586936448,0.03752838648018262,0.0,0.0,0.0,0.0
46,0.0015124196658864043,-0.10999109803420543,-0.0007680195965779155,-0.025259119257712733,0.014617662836689136,0.0,0.0,0.0,0.0
47,0.0009008496840714731,-0.25401830586482876,-0.011687965109110868,-0.26807008264606275,0.03703935384621067,0.0,0.0,0.0,0.0
48,0.00028761727857144406,-0.007216924795134045,-0.06295437761822895,-0.029519676768250697,0.014975415503354371,0.0,0.0,0.0,0.0
49,-0.000326145894474589,-0.2225740385130491,-0.055646387255037226,-0.2529484171771645,0.036481966239944603,0.0,0.0,0.0,0.0
50,-0.0009393071994516744,0.012384804003524194,-0.03893561801653152,-0.03336749753760516,0.015305535955765703,0.0,0.0,0.0,0.0
51,-0.0015507351114292882,-0.20366071028864624,0.06345578135919164,-0.23864065282147695,0.035857253594146946,0.0,0.0,0.0,0.0
52,-0.0021593013042720327,0.06168289789299555,0.0863816685116156,-0.03683066227226353,0.01560741150202759,0.0,0.0,0.0,0.0
53,-0.002763882732847289,-0.22609297717340732,0.23750341079379622,-0.2251088504096237,0.03516636982435811,0.0,0.0,0.0,0.0
54,-0.0033633637054872843,-0.06719238023210508,0.030301768106375575,-0.03993568272122306,0.01588048643674526,0.0,0.0,0.0,0.0
55,-0.003956637942881157,-0.18614740041300704,0.0018052191349998553,-0.21231690945919218,0.0344106073250449,0.0,0.0,0.0,0.0
56,-0.0045426106195975095,0.030255186108529702,0.02225664949674418,-0.0427075875966655,0.016124253422179286,0.0,0.0,0.0,0.0
57,-0.005120200384469973,-0.11073014293802474,-0.04402546106279363,-0.20023052036223765,0.03359130710986653,0.0,0.0,0.0,0.0
58,-0.005688341356117469,-0.03059177025236358,-0.014230235579890536,-0.04517000204218637,0.016338265618403607,0.0,0.0,0.0,0.0
59,-0.006245985089916643,-0.1490384350799867,-0.004086843410277617,-0.18881706598206377,0.03271003835716172,0.0,0.0,0.0,0.0
60,-0.006792102512796465,-0.07187473193751408,-0.10860064594481605,-0.04734522117408166,0.01652212708385706,0.0,0.0,0.0,0.0
61,-0.00732568582228479,-0.17006304483301674,0.15972247123967123,-0.17804559551029828,0.03176840553542885,0.0,0.0,0.0,0.0
62,-0.007845750346302202,-0.005660383202019968,-0.04761822038865761,-0.04925427508811116,0.016675499272793774,0.0,0.0,0.0,0.0
63,-0.008351336360271125,-0.1279188127074256,0.08331246622607597,-0.16788658456449795,0.03076815026911893,0.0,0.0,0.0,0.0
64,-0.008841510858186966,-0.11367934177409991,0.177427101037027,-0.05091699702594588,0.016798098857974623,0.0,0.0,0.0,0.0
65,-0.009315369274382914,-0.20069556401760985,-0.04882750913554699,-0.15831192508872666,0.029711119500744863,0.0,0.0,0.0,0.0
66,-0.009772037152811107,-0.09336793651254396,0.09890224389033542,-0.05235208428710191,0.016889698707103155,0.0,0.0,0.0,0.0
67,-0.010210671760759581,-0.08373728349557687,0.025397225866877683,-0.14929484281160804,0.028599259728728725,0.0,0.0,0.0,0.0
68,-0.01063046364402721,-0.014074216914203394,0.09815148476645058,-0.05357716493040163,0.016950128950641224,0.0,0.0,0.0,0.0
69,-0.011030638120686602,-0.18116315797490926,0.1446708156234244,-0.1408099121110234,0.027434606758125007,0.0,0.0,0.0,0.0
70,-0.011410456710678392,-0.0770826580117303,0.23969776793415745,-0.05460883857980983,0.016979279884023476,0.0,0.0,0.0,0.0
71,-0.011769218498598813,-0.20940342091728298,-0.015236629454980711,-0.13283273503274734,0.026219340058420835,0.0,0.0,0.0,0.0
72,-0.012106261427165635,-0.12071389437892285,0.08980039558472006,-0.055462744161431536,0.016977097525910943,0.0,0.0,0.0,0.0
73,-0.012420963518975462,-0.1254399749121225,-0.28551425576307643,-0.12534014069380237,0.024955684287741323,0.0,0.0,0.0,0.0
74,-0.012712744024297878,-0.0548659684328717,0.17620455534325188,-0.05615359948331676,0.016943585096083336,0.0,0.0,0.0,0.0
75,-0.012981064492788196,-0.11318961375215636,-0.04048252796824388,-0.11830997830275027,0.02364596682505098,0.0,0.0,0.0,0.0
76,-0.013225429767141153,-0.1181570925396381,0.027121318535071035,-0.05669525129360082,0.01687880354523994,0.0,0.0,0.0,0.0
77,-0.013445388896851818,-0.0684919262562936,-0.08542626132020013,-0.11172108768163266,0.022292594253272086,0.0,0.0,0.0,0.0
78,-0.013640535970397496,0.019041962078377377,-0.07931642153998555,-0.05710071968655459,0.01678287250273315,0.0,0.0,0.0,0.0
79,-0.013810510864304898,-0.1404669916875731,-0.03514622173318786,-0.1055532414197649,0.020898068922775286,0.0,0.0,0.0,0.0
80,-0.013954999907720271,-0.11867305902472029,0.171198779669548,-0.05738224015529188,0.016655971091468547,0.0,0.0,0.0,0.0
81,-0.0140737364612561,-0.07750085017297406,0.01922255165019986,-0.09978709095120167,0.0194649997702552,0.0,0.0,0.0,0.0
82,-0.014166501409046132,-0.06316507451992255,0.07124703898039146,-0.05755130338973206,0.016498335274920124,0.0,0.0,0.0,0.0
83,-0.014233123563100764,-0.0617532440032579,-0.022550116310361464,-0.09440411582366087,0.01799605478634266,0.0,0.0,0.0,0.0
84,-0.01427347997921653,-0.07373785466680659,-0.021776592377037583,-0.0576186929479709,0.01631025159159696,0.0,0.0,0.0,0.0
85,-0.014287496183856739,-0.08175796638086211,0.09053847418539425,-0.08938657599762664,0.016493872384120093,0.0,0.0,0.0,0.0
86,-0.014275146311584594,-0.010689781907263517,0.07575265037652275,-0.057594520922412094,0.016092068928595247,0.0,0.0,0.0,0.0
87,-0.014236453152795136,-0.1150991008464983,0.1353561488960667,-0.0847174670220868,0.014961249431310695,0.0,0.0,0.0,0.0
88,-0.014171488111657962,-0.021798148672960156,0.018022665005513767,-0.05748825972829916,0.01584419180493273,0.0,0.0,0.0,0.0
89,-0.014080371074348312,-0.08967294905247533,-0.0808868724873985,-0.0803804714513636,0.013401044546636497,0.0,0.0,0.0,0.0
90,-0.013963270187809698,0.01582280365918775,-0.06413633719840836,-0.057308780240467254,0.015567076063578513,0.0,0.0,0.0,0.0
91,-0.013820401549456334,-0.07310485305076461,-0.1288469886513457,-0.07635994825607446,0.01181610250333972,0.0,0.0,0.0,0.0
92,-0.013652028808388018,-0.1469044795282201,-0.16050880478368174,-0.05706437517280872,0.015261233951953841,0.0,0.0,0.0,0.0
93,-0.013458462678853336,-0.04739554799740901,0.05478889493735946,-0.07264084765690214,0.010209363389030331,0.0,0.0,0.0,0.0
94,-0.01324006036685908,-0.032534756343396296,0.055972769386469876,-0.05676279232808141,0.014927232225476669,0.0,0.0,0.0,0.0
95,-0.012997224910984005,-0.060571376894708005,0.026906740914008694,-0.06920870614190844,0.0085838131896796,0.0,0.0,0.0,0.0
96,-0.012730404438613362,-0.04191946198617392,-0.05222684606292088,-0.05641125429292566,0.014565683528648475,0.0,0.0,0.0,0.0
97,-0.012440091338966786,-0.039975371284941774,-0.07431192731210436,-0.06604963278538879,0.00694239655815552,0.0,0.0,0.0,0.0
98,-0.012126821354445538,0.07665732979811951,0.1430576079485022,-0.05601649987444094,0.01417725319605391,0.0,0.0,0.0,0.0
99,-0.011791172591976132,-0.05002093724847007,0.10046367329330555,-0.0631502244895722,0.005288128638383104,0.0,0.0,0.0,0.0
100,-0.011433764456174531,-0.1540690871080374,0.01835813505266375,-0.055584791068102365,0.013762656477608602,0.0,0.0,0.0,0.0
101,-0.011055256506299847,-0.061221552366949136,0.06680349326747503,-0.0604975872613641,0.003624052231255649,0.0,0.0,0.0,0.0
102,-0.010656347239106858,-0.06176584481718938,-0.02501133554394888,-0.05512195650527441,0.01332265631654133,0.0,0.0,0.0,0.0
103,-0.01023777279984345,-0.08364941684183819,0.06376353562859675,-0.05807926884126884,0.0019532416203584717,0.0,0.0,0.0,0.0
104,-0.00980030562377169,-0.050168266173733225,0.009720155797508089,-0.0546333865283552,0.012858067357081088,0.0,0.0,0.0,0.0
105,-0.009344753010719525,-0.08235400351746586,-0.0038157241751776427,-0.055883296419685834,0.00027882849390234443,0.0,0.0,0.0,0.0
106,-0.00887195563529353,0.009108274357820523,-0.0040025497954563494,-0.05412406789363536,0.01236975020646206,0.0,0.0,0.0,0.0
107,-0.00838278599550204,-0.06691320245757519,0.05411280365989701,-0.05389811289557097,-0.0013960405732052796,0.0,0.0,0.0,0.0
108,-0.007878146802651495,-0.06200942944683623,0.09933203763577442,-0.05359861461237241,0.011858611028160533,0.0,0.0,0.0,0.0
109,-0.007358969315487335,0.011554135595442036,0.11097846598967014,-0.05211254954989028,-0.003068262865844507,0.0,0.0,0.0,0.0
110,-0.006826211621653606,-0.08555535319276016,0.08518095587595703,-0.05306127410284221,0.011325592607080577,0.0,0.0,0.0,0.0
111,-0.006280856869642517,-0.0978122753502297,-0.05131325678927173,-0.05051580505474089,-0.004734808219879106,0.0,0.0,0.0,0.0
112,-0.005723911454497073,-0.025981748803466133,-0.14982760709578297,-0.052515944893235474,0.010771675873626575,0.0,0.0,0.0,0.0
113,-0.005156403160614394,-0.05955745157947211,-0.028267564343913226,-0.04909737256065716,-0.006392597947976973,0.0,0.0,0.0,0.0
114,-0.004579379265077347,-0.13014673740681149,0.12351485870563314,-0.05196619166301823,0.010197879769564447,0.0,0.0,0.0,0.0
115,-0.003993904605014443,-0.004305473194920084,-0.06388202545513426,-0.047847060048579734,-0.008038593926350025,0.0,0.0,0.0,0.0
116,-0.0034010596125545267,-0.08854144733545441,-0.017475836975779785,-0.05141527627250793,0.00960526212303451,0.0,0.0,0.0,0.0
117,-0.002801938321002417,-0.10663733284489213,0.017171014532351495,-0.0467551450205079,-0.009669822013929808,0.0,0.0,0.0,0.0
118,-0.002197646345915238,-0.11745531552034305,-0.0600232782386972,-0.05086616667628715,0.00899492312758368,0.0,0.0,0.0,0.0
119,-0.0015892988448046807,-0.10087164613113833,-0.2216620353289726,-0.04581223391308877,-0.011283117151311542,0.0,0.0,0.0,0.0
120,-0.0009780184592307012,-0.08706358288324179,-0.02350594860706386,-0.050321549553488026,0.008367985048655043,0.0,0.0,0.0,0.0
121,-0.00036493324308417433,0.06839715010996902,0.10585627924963001,-0.0450092046970098,-0.01287563070994787,0.0,0.0,0.0,0.0
122,0.0002488254191183456,-0.016543442636817292,-0.1442125735258084,-0.04978383707940805,0.007725603241080178,0.0,0.0,0.0,0.0
123,0.000862124900086183,-0.005126562880814978,0.1504519037737984,-0.044337094169635966,-0.014444413552432148,0.0,0.0,0.0,0.0
124,0.0014738334198995103,0.024849954183122865,0.16292875718522704,-0.0492551781662384,0.007068963336120682,0.0,0.0,0.0,0.0
125,0.0020828221345905815,-0.050780750016328556,0.0786604980807119,-0.04378709782913469,-0.01598656165243399,0.0,0.0,0.0,0.0
126,0.0026879672193069744,0.011867086699790655,0.042970551555985836,-0.048737501953181016,0.00639928588441219,0.0,0.0,0.0,0.0
127,0.0032881519422125827,0.012709187209331216,0.09436019677995973,-0.04335102744695086,-0.01749916231727211,0.0,0.0,0.0,0.0
128,0.0038822687252991882,-0.11772877857203029,0.09114530628183104,-0.04823249775038181,0.005717798329236753,0.0,0.0,0.0,0.0
129,0.0044692211883055775,0.009481635436662209,0.05545037942139766,-0.04302072498098551,-0.01897948675243065,0.0,0.0,0.0,0.0
130,0.0050479261719725155,0.05341504101395642,0.10035172680012125,-0.04774163963376355,0.005025753521511982,0.0,0.0,0.0,0.0
131,0.0056173157368995,-0.023481300737978463,0.04440522344196461,-0.04278831181241971,-0.020424782092184873,0.0,0.0,0.0,0.0
132,0.0061763391343151045,-0.057307758716234655,-0.11127556817479659,-0.04726619913697466,0.004324435059330153,0.0,0.0,0.0,0.0
133,0.0067239647451236935,-0.09898892097407933,-0.02066557358276157,-0.0426461834884108,-0.021832400916418443,0.0,0.0,0.0,0.0
134,0.007259181983650357,-0.1318084126074032,-0.20658231093227725,-0.04680725204156739,0.0036151367435207056,0.0,0.0,0.0,0.0
135,0.007781003162570862,-0.00907100089141033,0.11011048525215801,-0.04258693469715688,-0.02319971764613048,0.0,0.0,0.0,0.0
136,0.008288465315585105,-0.10552531568996737,-0.14301041803304484,-0.04636569035404571,0.0028991670743509974,0.0,0.0,0.0,0.0
137,0.008780631974470501,-0.06113020935421992,0.005483962228491224,-0.042603370058508644,-0.02452423147440896,0.0,0.0,0.0,0.0
138,0.009256594897235952,-0.034452097547212665,0.0624223372275068,-0.045942232706688645,0.00217784839498494,0.0,0.0,0.0,0.0
139,0.009715475744187251,-0.07741441950416242,-0.1300709669617864,-0.0426885249715197,-0.025803467352186284,0.0,0.0,0.0,0.0
140,0.010156427698810951,-0.044595333180639685,-0.004059357545144614,-0.045537433865534466,0.0014525104726259418,0.0,0.0,0.0,0.0
141,0.01057863703048547,-0.027402735439992783,-0.28393644192823125,-0.042835642192025535,-0.027035097398748976,0.0,0.0,0.0,0.0
142,0.010981324596135754,-0.030748237488309516,0.0671042088557632,-0.04515169401893813,0.0007244924968179746,0.0,0.0,0.0,0.0
143,0.011363747278060058,-0.02501991484778192,0.06456102171871142,-0.043038170538947436,-0.028216835089162264,0.0,0.0,0.0,0.0
144,0.011725199355275861,-0.06362926668150572,0.1674345561007916,-0.044785267741275836,-4.862163744525543e-06,0.0,0.0,0.0,0.0
145,0.012065013805853961,-0.07721623439397457,-0.16986398121939836,-0.04328976055936997,-0.029346501690019837,0.0,0.0,0.0,0.0
146,0.012382563537837546,0.026542856694777912,0.015849429617292632,-0.044438272622548854,-0.0007342077189529211,0.0,0.0,0.0,0.0
147,0.012677262546474673,-0.018564384524864273,-0.045384466089190396,-0.043584260821752374,-0.03042201449762618,0.0,0.0,0.0,0.0
148,0.012948566995628666,-0.07858908749665627,0.06954569768869313,-0.04411069758595807,-0.0014621989344830403,0.0,0.0,0.0,0.0
149,0.013195976221370647,-0.0585812984431373,0.04733242171471722,-0.043915714645808915,-0.03144140001852364,0.0,0.0,0.0,0.0
150,0.013419033655902397,-0.02085292763456705,-0.13157566997455622,-0.043802410910179716,-0.0021874937088184115,0.0,0.0,0.0,0.0
151,0.013617327670104365,-0.07988222391303476,-0.13543344522105072,-0.04427835723286353,-0.032402763740073046,0.0,0.0,0.0,0.0
152,0.013790492333154073,-0.05106688295929613,-0.15066012840050255,-0.043513167971855095,-0.00290874826252715,0.0,0.0,0.0,0.0
153,0.0139382080878131,-0.10356365572036864,-0.047559359827775635,-0.04466661316198811,-0.033304282714090416,0.0,0.0,0.0,0.0
154,0.014060202340136475,-0.0016275845628637084,0.007516180113018108,-0.04324261872266065,-0.0036246351748142115,0.0,0.0,0.0,0.0
155,0.01415624996251624,-0.10051903266895335,0.07375975923260625,-0.04507509421867682,-0.03414437822911403,0.0,0.0,0.0,0.0
156,0.014226173709130846,-0.12528567271677465,0.12315406320696494,-0.04299031491424154,-0.004333834948603078,0.0,0.0,0.0,0.0
157,0.01426984454303376,-0.08576235448974226,-0.12244043188314196,-0.045498597524198325,-0.034921490926369,0.0,0.0,0.0,0.0
158,0.014287181874277608,-0.12104102007605558,0.06362874471853179,-0.042755717083269223,-0.005035035606677513,0.0,0.0,0.0,0.0
159,0.01427815370863449,0.03892572215837064,-0.03684062819079454,-0.04593210393511205,-0.03563410982087721,0.0,0.0,0.0,0.0
160,0.014242776706637974,-0.057588462249842,-0.04870128423736153,-0.04253820130791854,-0.005726944922509226,0.0,0.0,0.0,0.0
161,0.014181116152837818,-0.06581377916993383,-0.08164692467165377,-0.04637077668373289,-0.03628100712311061,0.0,0.0,0.0,0.0
162,0.014093285835324184,-0.035967166036866574,-0.014545908953349018,-0.04233706615722694,-0.006408285680895954,0.0,0.0,0.0,0.0
163,0.013979447835743637,-0.03364868318405795,-0.08261108532041571,-0.046809967540640436,-0.036860944207420275,0.0,0.0,0.0,0.0
164,0.013839812230194459,-0.08156630507078758,0.04647641539903383,-0.04215153473586675,-0.007077799835543918,0.0,0.0,0.0,0.0
165,0.013674636701553219,-0.030547486984925955,0.033169747377679575,-0.04724512578806597,-0.037372847483523645,0.0,0.0,0.0,0.0
166,0.013484226063948026,-0.002854807994200917,0.10429254564362703,-0.04198077236804052,-0.0077342530692111906,0.0,0.0,0.0,0.0
167,0.01326893170025602,-0.054233489500415774,0.05106650391601799,-0.04767207930410497,-0.03781579125172036,0.0,0.0,0.0,0.0
168,0.013029150913663048,-0.022411543065293315,0.10228846055572108,-0.04182388015481976,-0.008376434933997236,0.0,0.0,0.0,0.0
169,0.012765326194482332,-0.09606636116877203,-0.128058760338823,-0.0480866686113985,-0.03818897072365272,0.0,0.0,0.0,0.0
170,0.012477944403584927,-0.06493064040991456,-0.10864857902441379,-0.04167990391853927,-0.009003160041835889,0.0,0.0,0.0,0.0
171,0.012167535873949021,-0.06159652686966268,-0.13641583463911894,-0.048484943094858554,-0.038491685958463695,0.0,0.0,0.0,0.0
172,0.011834673431985996,-0.027280222093417315,-0.03190925403836399,-0.0415478466793353,-0.009613268637482988,0.0,0.0,0.0,0.0
173,0.011479971340449317,0.003561706111321214,0.04313258546474788,-0.04886314190574574,-0.038723328202119,0.0,0.0,0.0,0.0
174,0.011104084164876998,0.014638391611325442,0.11467739444937126,-0.04142666106143934,-0.010205637836770235,0.0,0.0,0.0,0.0
175,0.01070770556565949,-0.023245931921905667,-0.08632856057474397,-0.04921762656065724,-0.038883528289417296,0.0,0.0,0.0,0.0
176,0.010291567017962135,-0.09479486968501563,-0.191429023112854,-0.04131526894505589,-0.010779173286456622,0.0,0.0,0.0,0.0
177,0.009856436461864399,-0.02617212484773648,-0.04402248016486017,-0.049545084162049946,-0.03897196921193604,0.0,0.0,0.0,0.0
178,0.009403116885206932,0.04885832396999326,0.0009938508922990568,-0.041212558261982446,-0.011332817249962207,0.0,0.0,0.0,0.0
179,0.00893244484176168,-0.03849109586321058,-0.1240936699932077,-0.04984226691251766,-0.03898849707816648,0.0,0.0,0.0,0.0
180,0.008445288907459497,0.0005105967851232393,-0.1083516537819092,-0.041117386211629234,-0.011865549633487035,0.0,0.0,0.0,0.0
181,0.007942548077524397,0.010236658546588402,-0.1852466715298505,-0.05010609323847691,-0.03893310256970392,0.0,0.0,0.0,0.0
182,0.007425150107472003,-0.055079975946630326,-0.24827259991514894,-0.04102858824812904,-0.01237638468539186,0.0,0.0,0.0,0.0
183,0.006894049801033994,0.09638407309308686,-0.1742745748544089,-0.05033369411410779,-0.0388058389657299,0.0,0.0,0.0,0.0
184,0.006350227248167878,-0.08836074332260364,0.2366842095519934,-0.04094498423151855,-0.012864378866981054,0.0,0.0,0.0,0.0
185,0.005794686016403686,-0.14506098686185565,-0.02499934362860806,-0.050522365937150274,-0.03860696583681575,0.0,0.0,0.0,0.0
186,0.005228451298865262,0.018663514093071473,0.011816708526234414,-0.04086538021507627,-0.013328633568834123,0.0,0.0,0.0,0.0
187,0.0046525680223838,-0.048114893787593836,0.017611882914507583,-0.05066957953296447,-0.03833684536465071,0.0,0.0,0.0,0.0
188,0.004068098919194899,0.018164888550456115,0.01655578954829209,-0.04078856915387396,-0.013768291925994037,0.0,0.0,0.0,0.0
189,0.0034761225657775016,-0.10580803795049601,-0.08405100080348377,-0.05077298145220443,-0.037995978385948724,0.0,0.0,0.0,0.0
190,0.002877731392454178,0.020452338986257597,0.02233274437553764,-0.04071334180076947,-0.014182542598827456,0.0,0.0,0.0,0.0
191,0.002274029667425351,-0.12306072807202051,0.0497890132758666,-0.050830410222526004,-0.03758499370316966,0.0,0.0,0.0,0.0
192,0.0016661314589580848,-0.011171263538425947,-0.009362544889624666,-0.04063848455815847,-0.014570621848602118,0.0,0.0,0.0,0.0
193,0.0010551585794898485,-0.17974341369611646,0.04242478071638355,-0.0508398298958117,-0.03710464048923976,0.0,0.0,0.0,0.0
194,0.0004422385154412493,-0.002072568482672933,-0.02519195917473783,-0.0405627938119011,-0.014931810906094765,0.0,0.0,0.0,0.0
195,-0.00017149765344209793,-0.10884895028750347,-0.1829539569513957,-0.05079949622974276,-0.03655582935985037,0.0,0.0,0.0,0.0
196,-0.0007849173413785561,-0.06502500629898089,-0.07091898585554074,-0.04048506271868325,-0.015265447092494399,0.0,0.0,0.0,0.0
197,-0.001396888546618934,-0.05452999584608446,0.028860024932409425,-0.050707663096912166,-0.035939541057917176,0.0,0.0,0.0,0.0
198,-0.002006281940437059,-0.08501857276661624,-0.20225380413444283,-0.040404100720481576,-0.015570912723304882,0.0,0.0,0.0,0.0
199,-0.0026119729511875894,-0.016744124199115286,-0.1732130330213602,-0.05056287895600489,-0.03525693377220798,0.0,0.0,0.0,0.0
200,-0.0032128438395851344,-0.037064960701869556,-0.18262706277316632,-0.04031872877897358,-0.01584764031720108,0.0,0.0,0.0,0.0
201,-0.0038077857613749684,-0.06920403578849187,-0.07910844479268084,-0.050363822049539,-0.034509277813105754,0.0,0.0,0.0,0.0
202,-0.004395700813588899,-0.050954713350061805,0.016838366567297102,-0.04022778545821469,-0.016095121941236305,0.0,0.0,0.0,0.0
203,-0.004975504060610137,-0.08611523711005462,-0.2629501273162001,-0.050109352461027476,-0.03369793785928972,0.0,0.0,0.0,0.0
204,-0.005546125536308279,-0.06581282716147424,0.06318006299547019,-0.04013012464955994,-0.016312902495806917,0.0,0.0,0.0,0.0
205,-0.006106512218549648,0.08125716787865794,0.01765055317038671,-0.04979850583457735,-0.03282441033765053,0.0,0.0,0.0,0.0
206,-0.006655629972439401,-0.00012050295621015422,-0.15742056614932068,-0.04002463819251768,-0.016500581947058248,0.0,0.0,0.0,0.0
207,-0.007192465458708856,0.017962940519152898,0.04693334744782562,-0.04943043812779074,-0.03189029075046946,0.0,0.0,0.0,0.0
208,-0.007716028003727222,-0.017259468944019803,-0.08394840099698879,-0.039910229938116056,-0.016657813986450946,0.0,0.0,0.0,0.0
209,-0.008225351427685735,0.02775936462760869,-0.15612384082785252,-0.04900457657693003,-0.030897336688074418,0.0,0.0,0.0,0.0
210,-0.008719495827581336,-0.11133246831115456,-0.177022195644143,-0.039785835766555824,-0.016784305089425702,0.0,0.0,0.0,0.0
211,-0.009197549311709154,-0.0031687774048513584,0.029012780582089157,-0.04852039491190003,-0.029847353339296542,0.0,0.0,0.0,0.0
212,-0.009658629682463076,0.021688938515163486,0.04673056224053607,-0.039650425825986886,-0.016879822011835785,0.0,0.0,0.0,0.0
213,-0.010101886064338966,0.01996343981437171,-0.09849080051175642,-0.04797759671128131,-0.028742282697455674,0.0,0.0,0.0,0.0
214,-0.010526500474136315,-0.0652714134753638,-0.018423408325492076,-0.03950299770712269,-0.016944189254617634,0.0,0.0,0.0,0.0
215,-0.010931689330460332,-0.10900028068417314,-0.1408337160799546,-0.047376008437610674,-0.027584171090548993,0.0,0.0,0.0,0.0
216,-0.011316704899739554,-0.026445447972359794,0.10524085689858556,-0.039342592708246825,-0.016977287998971184,0.0,0.0,0.0,0.0
217,-0.011680836676089504,-0.0995423397410532,-0.03810874544967431,-0.04671561446758502,-0.026375166045275976,0.0,0.0,0.0,0.0
218,-0.012023412692477118,-0.019571973911324175,-0.0643172759655754,-0.039168298608562586,-0.016979057541207765,0.0,0.0,0.0,0.0
219,-0.01234380076076523,-0.04847041657227187,-0.14209325593234806,-0.04599656903921566,-0.025117489474441757,0.0,0.0,0.0,0.0
220,-0.012641409638349753,-0.17162558835335845,0.1801903638780321,-0.03897922953103296,-0.016949495426653097,0.0,0.0,0.0,0.0
221,-0.012915690119235776,-0.1441805216488669,0.060936287588569255,-0.04521924608876899,-0.023813472306829477,0.0,0.0,0.0,0.0
222,-0.013166136047539752,-0.026680786831103108,-0.045663259803952146,-0.03877454621819984,-0.016888655426201223,0.0,0.0,0.0,0.0
223,-0.013392285251547124,-0.06224968899127248,0.0874256458853312,-0.044384036459371265,-0.022465517019962987,0.0,0.0,0.0,0.0
224,-0.013593720396601785,-0.07972032880856746,0.0065509218845218875,-0.03855345999232466,-0.01679664979438412,0.0,0.0,0.0,0.0
225,-0.01377006975525345,-0.07897633729394299,-0.026722032863784766,-0.04349160672082237,-0.021076107789027392,0.0,0.0,0.0,0.0
226,-0.013921007893241712,-0.012112397339488483,0.018356934346126372,-0.03831522316930166,-0.016673646988818413,0.0,0.0,0.0,0.0
227,-0.014046256270050862,-0.12721759401226812,-0.0883626271022485,-0.042542659461648626,-0.019647801630519313,0.0,0.0,0.0,0.0
228,-0.014145583752927238,-0.11475454361529808,-0.06226849577647913,-0.03805914467505914,-0.01651987272783846,0.0,0.0,0.0,0.0
229,-0.01421880704341045,0.03125395256243286,-0.08329050297190399,-0.04153817507445865,-0.018183224291756176,0.0,0.0,0.0,0.0
230,-0.014265791015591556,-0.03888942059205564,-0.056502973356060686,-0.037784570044827055,-0.016335610438492514,0.0,0.0,0.0,0.0
231,-0.014286448965473687,-0.0055877694208281425,-0.04721804180560893,-0.04047904398320775,-0.01668507104640006,0.0,0.0,0.0,0.0
232,-0.014280742770975246,-0.06452579675868522,-0.004339298648465332,-0.03749090770007205,-0.016121198251754502,0.0,0.0,0.0,0.0
233,-0.01424868296228018,-0.08060632118354072,-0.08537744273568729,-0.03936652238195354,-0.015156092337182613,0.0,0.0,0.0,0.0
234,-0.014190328702405651,0.030408557838765525,0.07267181347226478,-0.03717762297239171,-0.015877035794153286,0.0,0.0,0.0,0.0
235,-0.014105787678022863,-0.003818462684981268,0.22744280358895694,-0.03820196602707802,-0.013599109257521712,0.0,0.0,0.0,0.0
236,-0.013995215900732636,0.07357959794345631,-0.035148456099393426,-0.03684421368488888,-0.015603569476554202,0.0,0.0,0.0,0.0
237,-0.013858817419162284,-0.011966664795460956,-0.09699736689755994,-0.036986661195199354,-0.012016989293082085,0.0,0.0,0.0,0.0
238,-0.013696843942415339,-0.03677356299106332,0.17472697092743894,-0.03649024950268179,-0.01530130510011115,0.0,0.0,0.0,0.0
239,-0.013509594375568689,-0.042738599015210134,-0.18908178345462423,-0.0357222244237838,-0.010412679398940207,0.0,0.0,0.0,0.0
240,-0.013297414268074658,-0.02872860706633209,-0.01002151650176445,-0.036115354125994314,-0.014970804672466729,0.0,0.0,0.0,0.0
241,-0.013060695176085666,-0.008090628343516315,0.05225909630395623,-0.034410339141928786,-0.008789210289601149,0.0,0.0,0.0,0.0
242,-0.012799873939878388,-0.1013149615716076,0.03209460241901763,-0.03571920482985135,-0.014612681668208019,0.0,0.0,0.0,0.0
243,-0.012515431877710818,0.02453218687954612,0.03378821886959551,-0.03305277744772606,-0.00714961685129389,0.0,0.0,0.0,0.0
244,-0.012207893897599853,0.0012260504670081815,0.056941382954809605,-0.03530153449733254,-0.014227597350286487,0.0,0.0,0.0,0.0
245,-0.011877827528658519,-0.06680804194466379,-0.015058882247279408,-0.0316514177500802,-0.005496895065476105,0.0,0.0,0.0,0.0
246,-0.011525841873780595,-0.03446294709238753,-0.006789281644078776,-0.03486213382398129,-0.013816257641918647,0.0,0.0,0.0,0.0
247,-0.011152586485604857,0.010382070596579768,-0.12316682604389431,-0.030208242309146777,-0.0038339984654682064,0.0,0.0,0.0,0.0
248,-0.010758750167833987,-0.07189126716675712,0.22463575348030454,-0.034400851141669145,-0.013379418186781174,0.0,0.0,0.0,0.0
249,-0.010345059704119274,-0.09917522826601109,0.15927239442400168,-0.028725345271221933,-0.0021639083709298038,0.0,0.0,0.0,0.0
250,-0.009912278516857814,-0.041075970686969665,0.06901089966153232,-0.03391759626815712,-0.012917878221447222,0.0,0.0,0.0,0.0
251,-0.009461205258376225,-0.05613134529065119,0.08204497435904436,-0.02720494262850403,-0.0004897264361588456,0.0,0.0,0.0,0.0
252,-0.008992672337101671,-0.09246675653083089,0.09421555354795738,-0.03341233728995,-0.012432502903548128,0.0,0.0,0.0,0.0
253,-0.00850754438143925,-0.0305843227830297,0.07391117513877038,-0.025649332695773314,0.0011852572901556871,0.0,0.0,0.0,0.0
254,-0.008006716644190904,0.0038072079808306875,-0.32405745848898754,-0.03288509577449112,-0.011924192873291498,0.0,0.0,0.0,0.0
255,-0.007491113350460193,-0.022749454996256913,0.17153910240444217,-0.02406088178635898,0.0028579125737384836,0.0,0.0,0.0,0.0
256,-0.006961685992091719,0.007448350494299573,0.1863039907951765,-0.03233595284842091,-0.011393884586334222,0.0,0.0,0.0,0.0
257,-0.006419411571792673,-0.12256454140775637,0.0757061945354287,-0.02244203635882662,0.004525226945021115,0.0,0.0,0.0,0.0
258,-0.005865290800176628,-0.07625622448901406,-0.11787142589520762,-0.031765046956735134,-0.010842553230679891,0.0,0.0,0.0,0.0
259,-0.005300346249057109,-0.04589437156502189,0.1334909076528549,-0.020795315143308048,0.00618419869518578,0.0,0.0,0.0,0.0
260,-0.0047256204643983885,-0.08735780188880082,-0.04400553075027084,-0.031172572762277903,-0.01027121372413319,0.0,0.0,0.0,0.0
261,-0.004142174042406186,0.02941165724850997,-0.017417361331098523,-0.01912329880719335,0.00783179050228697,0.0,0.0,0.0,0.0
262,-0.0035510836723085183,0.03188062735945536,0.015079680328440708,-0.03055878168346288,-0.009680919858496962,0.0,0.0,0.0,0.0
263,-0.0029534401494385873,0.0795630541174202,0.035557344718355796,-0.017428635970898054,0.009464966857116786,0.0,0.0,0.0,0.0
264,-0.002350346362286184,-0.116201089617903,0.15967359987066823,-0.02992398116067287,-0.009072757974742131,0.0,0.0,0.0,0.0
265,-0.0017429152572328297,0.07825926679147556,-0.06421717594845354,-0.015714039583465206,0.011080720611964428,0.0,0.0,0.0,0.0
266,-0.0011322677847254948,-0.06431413771936259,0.10142105353402354,-0.029268534423721765,-0.008447852204098992,0.0,0.0,0.0,0.0
267,-0.0005195308306804178,-0.08262368555072677,0.04370031866272705,-0.013982282569510337,0.012676022242637813,0.0,0.0,0.0,0.0
268,9.416486306715949e-05,-0.02726016261286251,0.05219306439727636,-0.028592857204155137,-0.007807359394910693,0.0,0.0,0.0,0.0
269,0.000707686785428145,-0.011698976699785238,-0.0620588342171042,-0.012236159509765327,0.014247905765745684,0.0,0.0,0.0,0.0
270,0.0013199027459905072,-0.11042646166092383,-0.10738393539462777,-0.02789741737663917,-0.007152460381768765,0.0,0.0,0.0,0.0
271,0.0019296829643577508,-0.07322817246490029,0.07874058282201901,-0.010478484478945158,0.01579356375597826,0.0,0.0,0.0,0.0
272,0.0025359021550403677,0.002845871572930425,-0.025031995956567337,-0.0271827348730998,-0.006484357501720688,0.0,0.0,0.0,0.0
273,0.0031374416040522535,0.03529374123062334,-0.013388148104490943,-0.008712116062020669,0.017310066744761713,0.0,0.0,0.0,0.0
274,0.003733191233380133,-0.16377403631656767,-0.09431951854431637,-0.026449380458602175,-0.005804287795363592,0.0,0.0,0.0,0.0
275,0.004322051649516174,-0.044626947860505015,-0.06398909219064071,-0.00693995151060779,0.01879463012211843,0.0,0.0,0.0,0.0
276,0.004902936172273612,-0.036285131357395646,0.07257195526558638,-0.025697991003841236,-0.005113505941663463,0.0,0.0,0.0,0.0
277,0.005474772840140894,0.021260951296064944,0.03440663308629505,-0.005165172204677304,0.020244519651020247,0.0,0.0,0.0,0.0
278,0.00603650638847466,-0.057456064560472975,0.011233672637380808,-0.024929242181217757,-0.004413288658235707,0.0,0.0,0.0,0.0
279,0.00658710019687968,-0.09981810220254424,0.08166178613679258,-0.00339062897235867,0.021657029787459876,0.0,0.0,0.0,0.0
280,0.007125538202183532,-0.08025024623888342,-0.1077961089821039,-0.024143843714002435,-0.003704926566993433,0.0,0.0,0.0,0.0
281,0.0076508267734743335,0.017427500896960057,-0.052347960395152465,-0.0016192884565538043,0.023029581861302464,0.0,0.0,0.0,0.0
282,0.008161996545742784,-0.1272269754480213,0.10124160612807834,-0.02334255728632993,-0.0029897286033850026,0.0,0.0,0.0,0.0
283,0.008658104208743552,0.04588863132683951,0.07404874452723044,0.0001459454692780037,0.024359610071727014,0.0,0.0,0.0,0.0
284,0.009138234247775368,-0.033353556434728614,-0.10004548815291855,-0.02252619513016822,-0.0022690127963036146,0.0,0.0,0.0,0.0
285,0.009601500633167743,0.0006403913996177414,-0.09249127162171866,0.0019020024907013178,0.025644699861708288,0.0,0.0,0.0,0.0
286,0.010047048455355551,-0.02464227013316002,0.05898134827292505,-0.021695606673597767,-0.0015441100442039218,0.0,0.0,0.0,0.0
287,0.010474055502525352,-0.07362649161191843,0.10860079618486959,0.0036460295763865577,0.02688246221524522,0.0,0.0,0.0,0.0
288,0.010881733777920826,0.0112875231906612,0.19347615126913517,-0.02085168184819938,-0.000816357895219357,0.0,0.0,0.0,0.0
289,0.011269330954008476,-0.03652713485139396,-0.05523399244103071,0.005375050354231596,0.028070616296412308,0.0,0.0,0.0,0.0
290,0.011636131760819058,-0.037547142984236975,-0.039374712969107176,-0.01999535360070831,-8.709861240834312e-05,0.0,0.0,0.0,0.0
291,0.011981459305903441,0.07976493533157905,0.03535804915384663,0.007086097298548682,0.02920698147329488,0.0,0.0,0.0,0.0
292,0.01230467632346666,-0.1430787994176157,0.11484444956503595,-0.01912758529777114,0.0006423187643119117,0.0,0.0,0.0,0.0
293,0.01260518635037516,0.03890537095081194,0.08863487548252544,0.008776266402407466,0.03028939334582834,0.0,0.0,0.0,0.0
294,0.012882434826866993,-0.06802015846879296,0.051098361791621506,-0.018249377893585845,0.001370551783449459,0.0,0.0,0.0,0.0
295,0.013135910119933798,-0.013133315149466281,-0.051065548272525824,0.01044262045135587,0.03131595006880854,0.0,0.0,0.0,0.0
296,0.01336514446748577,0.04368802751987905,-0.05750651956983114,-0.017361763461908982,0.002096256566041807,0.0,0.0,0.0,0.0
297,0.013569714841557744,0.016218354487249807,-0.22934652372562955,0.01208240800883504,0.032284728293100716,0.0,0.0,0.0,0.0
298,0.013749243728962818,-0.05392821755818757,-0.048812344880971324,-0.016465804103207762,0.002818094348748928,0.0,0.0,0.0,0.0
299,0.013903399827953505,-0.05484479773571346,-0.06867176467792208,0.013692803996223095,0.03319394520771951,0.0,0.0,0.0,0.0
300,0.014031898659604278,-0.020021204748445494,-0.10076680323182674,-0.01556259113904105,0.0035347298669859864,0.0,0.0,0.0,0.0
301,0.014134503092787711,-0.01656944535272247,-0.052871386363723565,0.015271047825948942,0.03404185141302032,0.0,0.0,0.0,0.0
302,0.014211023781775052,-0.036742317413900466,0.02692656628123757,-0.014653244717193151,0.004244842843360931,0.0,0.0,0.0,0.0
303,0.014261319515653959,0.029909682894154552,0.06650040982148861,0.016814359588530618,0.03482697582133658,0.0,0.0,0.0,0.0
304,0.014285297478918426,-0.16325082384575024,0.06304360682003408,-0.013738902571613957,0.004947122579736617,0.0,0.0,0.0,0.0
305,0.014282913422750084,-0.028857165340013,-0.10017084411086034,0.018320191841015902,0.035547826774021116,0.0,0.0,0.0,0.0
306,0.01425417174667475,-0.13002562482290675,0.0352228229822896,-0.012820726099347007,0.0056402721316201184,0.0,0.0,0.0,0.0
307,0.014199125490443559,-0.03848445250647303,0.17399719436135103,0.019785930034364272,0.036203066342247237,0.0,0.0,0.0,0.0
308,0.014117876236153674,0.0009586799612755301,-0.007995410100191249,-0.011899895586405562,0.006323012982659196,0.0,0.0,0.0,0.0
309,0.014010573920789162,-0.05935639855286222,0.08498774004658602,0.021209035213712788,0.0367914955282825,0.0,0.0,0.0,0.0
310,0.013877416559528006,-0.024300869792910556,-0.05802683145891128,-0.01097761278306002,0.006994085355802335,0.0,0.0,0.0,0.0
311,0.013718649880325841,-0.04580668021901006,0.06829207858745247,0.022587020440896218,0.03731203098576259,0.0,0.0,0.0,0.0
312,0.013534566870450777,-0.026251372032847553,0.14497680277268485,-0.010055084469474163,0.007652251039378649,0.0,0.0,0.0,0.0
313,0.013325507235806092,0.0637159155746918,0.100680123547369,0.023917614235032133,0.03776371444259657,0.0,0.0,0.0,0.0
314,0.013091856774038551,-0.0013193822695174943,-0.047359478573727694,-0.00913353395009054,0.008296295664102086,0.0,0.0,0.0,0.0
315,0.012834046662589386,-0.02183858926147914,0.07935891645999057,0.02519848008154785,0.03814571445287255,0.0,0.0,0.0,0.0
316,0.012552552663001358,-0.008200204995703429,-0.05348898516851428,-0.008214193561685361,0.008925030936794398,0.0,0.0,0.0,0.0
317,0.012247894242950863,0.06205332548535898,0.3168964404698901,0.026427418088825344,0.03845732791378481,0.0,0.0,0.0,0.0
318,0.011920633617624594,-0.040644506223144694,-0.04715208021583398,-0.0072983013323250495,0.0095372968260413,0.0,0.0,0.0,0.0
319,0.011571374712210522,0.009868448540004213,0.044370301479255456,0.02760232232984459,0.03869798134603256,0.0,0.0,0.0,0.0
320,0.011200762047417061,0.0011971919550095422,0.11880894062090662,-0.006387099746637103,0.010131963695780209,0.0,0.0,0.0,0.0
321,0.010809479550077793,0.04336308366617285,-0.011814355253461237,0.028721177435134214,0.038867231935428286,0.0,0.0,0.0,0.0
322,0.010398249291036098,-0.04636760400305289,-0.031023439749515283,-0.005481832903425113,0.010707933614239577,0.0,0.0,0.0,0.0
323,0.009967830152639107,0.04323972301911748,0.05695231872020522,0.02978206651831179,0.038964756221948296,0.0,0.0,0.0,0.0
324,0.009519016428299849,0.05042914396318508,0.044343433387779393,-0.004583744012112529,0.011264141109628183,0.0,0.0,0.0,0.0
325,0.009052636356712003,0.03008962710893648,0.13930891820598568,0.030783174897539775,0.03899033645827671,0.0,0.0,0.0,0.0
326,0.008569550593422183,0.0317627577948584,-0.05669432999437168,-0.003694072893284778,0.011799562438121141,0.0,0.0,0.0,0.0
327,0.008070650622580344,0.05632487442750165,-0.05905607308248077,0.03172279362031522,0.03894398078578219,0.0,0.0,0.0,0.0
328,0.007556857111799104,-0.02206127521166107,-0.09315572553472068,-0.002814053488157475,0.012313209623604172,0.0,0.0,0.0,0.0
329,0.0070291182131583824,0.034396966929681465,0.21048226319179614,0.03259932278572041,0.038825764094054346,0.0,0.0,0.0,0.0
330,0.006488407813489776,-0.014810046587772279,0.015433818893760675,-0.0019449117059987821,0.012804132514617653,0.0,0.0,0.0,0.0
331,0.005935723737170825,0.018830389416696097,-0.049250869244398345,0.033411274227259584,0.0386358756437054,0.0,0.0,0.0,0.0
332,0.005372085904744355,0.04819908442428563,0.22148667155483298,-0.0010878679013625362,0.013271419091044215,0.0,0.0,0.0,0.0
333,0.004798534450762255,0.05833311300695411,0.0004442754413816405,0.03415729269356748,0.03837472056417069,0.0,0.0,0.0,0.0
334,0.004216127804326073,-0.03988155040340932,0.08939728844492313,-0.00024411048336013438,0.013714215726577427,0.0,0.0,0.0,0.0
335,0.0036259407358669267,0.10624858635011611,-0.10202330626709306,0.03483609907374671,0.038042725882619824,0.0,0.0,0.0,0.0
336,0.0030290623737695846,0.04856441677563506,0.03598456406505684,0.0005851629283953025,0.014131704465835216,0.0,0.0,0.0,0.0
337,0.002426594194499792,0.09270132301003384,0.11371853373544025,0.03544655522891784,0.03764053455236784,0.0,0.0,0.0,0.0
338,0.0018196479899452874,-0.055119225427968294,-0.15358162510493684,0.0013987893372141836,0.014523115224788738,0.0,0.0,0.0,0.0
339,0.0012093438157200103,0.08391034639744893,-0.06321271594760655,0.03598764603027208,0.03716888979342291,0.0,0.0,0.0,0.0
340,0.0005968079242191215,-0.14130576103051312,0.013996029528329497,0.0021956259513557664,0.014887725763831324,0.0,0.0,0.0,0.0
341,-1.6829313761890765e-05,-0.03809681975854814,-0.05488796771635299,0.0364585215387778,0.036628655028944565,0.0,0.0,0.0,0.0
342,-0.0006304354950080267,-0.011854360218417896,-0.00833041394265216,0.00297454152843869,0.015224863915937102,0.0,0.0,0.0,0.0
343,-0.0012428782736162362,0.03819286932067452,0.08063157500000799,0.036858380222035636,0.03602082592483094,0.0,0.0,0.0,0.0
344,-0.0018530274506210912,-0.01662376616007423,0.011001115593198472,0.0037344287431594213,0.015533906820202498,0.0,0.0,0.0,0.0
345,-0.002459757059658658,0.04858550466959788,-0.1364402941619481,0.037186614397072285,0.03534651901028116,0.0,0.0,0.0,0.0
346,-0.0030619474448191505,0.03562992226171315,-0.02068271169896014,0.004474222986938251,0.01581428410960549,0.0,0.0,0.0,0.0
347,-0.003658487326854945,0.04321502440689064,0.08767320390664196,0.03744270910944689,0.03460698393992811,0.0,0.0,0.0,0.0
348,-0.004248275853929605,0.04556409694308722,0.04689878964549739,0.005192885302786976,0.016065478577649773,0.0,0.0,0.0,0.0
349,-0.004830224633124844,0.10803804875724465,-0.033797665227334406,0.037626272547466554,0.0338035895649683,0.0,0.0,0.0,0.0
350,-0.005403259738955481,-0.013654346914646898,0.029824797996757427,0.0058894015235632985,0.016287031780592008,0.0,0.0,0.0,0.0
351,-0.005966323695186393,-0.023288053206037232,-0.008031402042841175,0.037737108657557375,0.03293779088239151,0.0,0.0,0.0,0.0
352,-0.0065183774262940935,-0.03731588439305235,-0.2727256231122163,0.006562795378330175,0.01647852692762975,0.0,0.0,0.0,0.0
353,-0.007058402174971715,0.055512908734076334,0.03203437702960128,0.03777503022197628,0.032011200513559594,0.0,0.0,0.0,0.0
354,-0.007585401382138857,0.02102018101951636,0.1576250209672959,0.007212121831386255,0.01663961356321664,0.0,0.0,0.0,0.0
355,-0.008098402525986936,-0.0011047452546932637,-0.01303476212857902,0.03774008866572226,0.03102555920376711,0.0,0.0,0.0,0.0
356,-0.00859645891666625,-0.003609054160452995,0.05882607119370253,0.00783647184851418,0.016769992416589094,0.0,0.0,0.0,0.0
357,-0.009078651443302903,0.06800777332834237,-0.0414284572888161,0.03763245010512455,0.02998264578773545,0.0,0.0,0.0,0.0
358,-0.009544090270121559,-0.022804137389139868,-0.0706095160134193,0.008434980446264256,0.016869425576242946,0.0,0.0,0.0,0.0
359,-0.009991916478544262,0.18872467412082017,0.04242215101323142,0.03745241172457737,0.028884431501027756,0.0,0.0,0.0,0.0
360,-0.010421303652234428,0.026067493964723867,0.07411660200848084,0.009006821281797703,0.016937726499622836,0.0,0.0,0.0,0.0
361,-0.010831459402161746,-0.023473060329866596,0.051341725023013596,0.03720037246358229,0.02773288637998322,0.0,0.0,0.0,0.0
362,-0.011221626828873054,0.009776128422342257,-0.07076898404860885,0.009551210946443886,0.016974770747045294,0.0,0.0,0.0,0.0
363,-0.011591085919270957,-0.007683709128106772,0.04392317836601281,0.036876869661351265,0.026530173729341487,0.0,0.0,0.0,0.0
364,-0.01193915487532254,0.02694754650551423,-0.13307715132032805,0.010067408842117346,0.016980495499758445,0.0,0.0,0.0,0.0
365,-0.012265191372246196,0.0022710568608169876,0.1328545388536805,0.03648255857836297,0.025278514085962676,0.0,0.0,0.0,0.0
366,-0.012568593743854684,-0.029862511784422258,0.039429787528541226,0.010554723211193181,0.016954883237082278,0.0,0.0,0.0,0.0
367,-0.012848802092867033,0.07210370937306766,0.041519923000434875,0.03601827519058118,0.023980208364330773,0.0,0.0,0.0,0.0
368,-0.013105299324140297,-0.032388270001543214,-0.06184690816282705,0.01101250713169642,0.016897982936311427,0.0,0.0,0.0,0.0
369,-0.01333761209891445,0.0493604063424181,0.09756614014096171,0.03548493632419973,0.022637647839476378,0.0,0.0,0.0,0.0
370,-0.01354531170830946,-0.023872853478175828,0.06375517110105544,0.01144016169952394,0.01680989901559108,0.0,0.0,0.0,0.0
371,-0.013728014864462606,0.02646213149219652,0.1698451809685149,0.03488357526888655,0.02125328631040707,0.0,0.0,0.0,0.0
372,-0.013885384407846053,0.03806342319947792,-0.15332293908666295,0.011837143153444377,0.016690786719955903,0.0,0.0,0.0,0.0
373,-0.014017129929459426,0.07116946504038098,0.11460323829584369,0.034215452537110655,0.019829667746612444,0.0,0.0,0.0,0.0
374,-0.014123008306749224,0.006854882909498345,-0.05367485164504987,0.012202947666646,0.016540873158345997,0.0,0.0,0.0,0.0
375,-0.014202824152265925,0.01732789812340658,0.039782792571572405,0.033481751716688546,0.01836946700144213,0.0,0.0,0.0,0.0
376,-0.014256430174231156,-0.018766981418819037,-0.004272565581297211,0.012537135316261943,0.016360434858159294,0.0,0.0,0.0,0.0
377,-0.014283727448349154,0.09631662867880303,0.05900442938072842,0.032683991095779,0.016875377627242064,0.0,0.0,0.0,0.0
378,-0.014284665600361223,0.0700327215370118,0.005506732939940922,0.012839308712643332,0.01614980523875437,0.0,0.0,0.0,0.0
379,-0.014259242899006139,0.07774292098720467,0.16974911772870205,0.03182362796209234,0.015350159226634331,0.0,0.0,0.0,0.0
380,-0.01420750625921502,0.027546542631132084,0.101748027738198,0.013109131799876834,0.0159093703759588,0.0,0.0,0.0,0.0
381,-0.01412955115553472,0.018550132694800592,-0.037016289508456604,0.030902358223935427,0.013796612600356565,0.0,0.0,0.0,0.0
382,-0.014025521445939578,0.0923557547532278,-0.08398987274825762,0.013346317224405569,0.015639570559804375,0.0,0.0,0.0,0.0
383,-0.01389560910635659,0.036376317531507316,-0.0040967265761576305,0.02992190544000277,0.012217548139877212,0.0,0.0,0.0,0.0
384,-0.013740053876393958,0.05138363369916236,-0.09483871616294622,0.013550636346268225,0.01534091417774493,0.0,0.0,0.0,0.0
385,-0.013559142816926769,-0.011611659769615139,-0.057178154311464176,0.028884149002205796,0.010616009351586124,0.0,0.0,0.0,0.0
386,-0.013353209780356229,0.1154490796983868,-0.05268901905876837,0.013721915145273829,0.015013948350672823,0.0,0.0,0.0,0.0
387,-0.013122634794520045,0.041494325126591784,0.1709444808151895,0.027791068472538677,0.008994889508389533,0.0,0.0,0.0,0.0
388,-0.012867843361390898,0.020733327535813126,0.11424316754371325,0.013860035267380446,0.014659275353646778,0.0,0.0,0.0,0.0
389,-0.012589305671857044,0.12122749343295752,0.06975476166473771,0.02664472255425413,0.0073571581424297355,0.0,0.0,0.0,0.0
390,-0.01228753573803453,0.019639912651369086,0.19001314087120325,0.013964936369811588,0.01427755170552437,0.0,0.0,0.0,0.0
391,-0.011963090444711368,0.053156831265414956,0.04127509843980752,0.02544729388087133,0.0057058605258303715,0.0,0.0,0.0,0.0
392,-0.011616568521675415,0.048334439661895684,0.3152446749135729,0.014036611657155893,0.013869482002831968,0.0,0.0,0.0,0.0
393,-0.011248609438820865,0.0012357938943991266,0.00673253619419261,0.02420102483085638,0.004044033849750187,0.0,0.0,0.0,0.0
394,-0.010859892226074024,0.08713081803593066,0.2806119148357153,0.014075113588567681,0.01343581646083785,0.0,0.0,0.0,0.0
395,-0.010451134220314299,0.051616852920521976,-0.056282322243177675,0.022908277604747392,0.00237474227025338,0.0,0.0,0.0,0.0
396,-0.010023089741604511,0.08992924760427848,-0.04071717557304287,0.014080552167561856,0.012977357347624997,0.0,0.0,0.0,0.0
397,-0.00957654870117209,-0.008052775180681475,-0.14479185630620506,0.021571500833236616,0.0007010686536635515,0.0,0.0,0.0,0.0
398,-0.009112335143710735,0.005255072419933246,-0.05294796394281816,0.014053092815206288,0.012494949807765181,0.0,0.0,0.0,0.0
399,-0.008631305726692289,0.06149585555252573,0.0926903276658719,0.020193167576032928,-0.0009738993906632652,0.0,0.0,0.0,0.0
400,-0.00813434813949514,0.018671410171648386,0.016545803896540312,0.013992948529882627,0.011989484884990576,0.0,0.0,0.0,0.0
401,-0.007622379465266514,0.049171970577014334,0.030417725154503118,0.01877584615530822,-0.002647076112667417,0.0,0.0,0.0,0.0
402,-0.007096344488541622,0.07971689804831421,0.09506232412832878,0.013900402122426844,0.011461892816298667,0.0,0.0,0.0,0.0
403,-0.00655721395174282,-0.02328646847180666,-0.1815066151903693,0.017322231989688006,-0.004315364351898894,0.0,0.0,0.0,0.0
404,-0.0060059827637761985,0.021114718967946634,0.031561329325057286,0.013775788197696258,0.010913147812787263,0.0,0.0,0.0,0.0
405,-0.005443668164031456,0.01787247081312597,-0.2508781948186505,0.01583504729669059,-0.00597569648916126,0.0,0.0,0.0,0.0
406,-0.004871307845173217,0.06514948284258171,-0.06663803081977364,0.013619489028835455,0.010344263884258267,0.0,0.0,0.0,0.0
407,-0.004289958038187961,0.010720300601716214,-0.04173435873343012,0.014317070748257166,-0.007624994217277282,0.0,0.0,0.0,0.0
408,-0.003700691563220427,0.10151214327450392,-0.05114124623413483,0.01343195263276368,0.009756289011609553,0.0,0.0,0.0,0.0
409,-0.0031045958497965213,0.03982006579332868,0.07992478214093812,0.012771165792871762,-0.00926024837146921,0.0,0.0,0.0,0.0
410,-0.002502770930085884,-0.032830426502801505,-0.021194080621884066,0.013213678524619408,0.00915031388379698,0.0,0.0,0.0,0.0
411,-0.001896327408908047,-0.04802799279467404,-0.16241570180536163,0.011200275439290901,-0.010878328058051119,0.0,0.0,0.0,0.0
412,-0.0012863844142276338,0.02417154915684315,0.13419416355448588,0.012965219628798305,0.008527452685002476,0.0,0.0,0.0,0.0
413,-0.0006740675319207816,0.03227547630338986,0.12470550089499054,0.009607353610118744,-0.012476374796542105,0.0,0.0,0.0,0.0
414,-6.0506728624361786e-05,0.0056863145221770425,-0.021123273307192922,0.012687178706456805,0.007888853423163653,0.0,0.0,0.0,0.0
415,0.0005531657334988266,-0.030870799598389967,-0.1283229577110908,0.007995340826307804,-0.014051423493178337,0.0,0.0,0.0,0.0
416,0.001165817386231169,0.023248038701259355,0.037006984426016534,0.012380205256414936,0.007235695105596175,0.0,0.0,0.0,0.0
417,0.0017763176451521074,0.06548647667617156,-0.18454272812842712,0.006367191848627956,-0.015600557016334038,0.0,0.0,0.0,0.0
418,0.0023835398960126994,-0.018933865803046863,0.11244614474341137,0.012045001541754492,0.006569185196036379,0.0,0.0,0.0,0.0
419,0.0029863635737844506,0.0684704327241363,0.1267699432533393,0.004725941124103949,-0.01712087732011017,0.0,0.0,0.0,0.0
420,0.003583676230544344,0.08142312576671354,-0.07819130981121065,0.011682321593860208,0.0058905567846359065,0.0,0.0,0.0,0.0
421,0.004174375588381396,-0.04916743190098354,0.0554198739606382,0.003074700483743733,-0.018609609217804805,0.0,0.0,0.0,0.0
422,0.00475737157353453,0.025998526169501532,-0.05050625676294258,0.011292965577330767,0.005201062729055313,0.0,0.0,0.0,0.0
423,0.005331588328009709,0.05026478151820658,0.056650204189292674,0.0014165556030401928,-0.020063984775365737,0.0,0.0,0.0,0.0
424,0.005895966194963074,0.10351611697240905,0.05920374206350071,0.010877776195839304,0.004501961385793823,0.0,0.0,0.0,0.0
425,0.0064494636741865945,0.04568503899339431,0.14781763967674588,-0.00024544936013879196,-0.021481343438952236,0.0,0.0,0.0,0.0
426,0.006991059344087513,-0.02059544340879122,-0.047714032338531207,0.010437639087184019,0.003794551631801816,0.0,0.0,0.0,0.0
427,0.007519753746615072,-0.01810302310223165,0.002478542470353357,-0.0019082873173818535,-0.022859067437908387,0.0,0.0,0.0,0.0
428,0.008034571231655168,-0.0984384567822359,-0.009939870397749366,0.00997348566241219,0.0030801400152647204,0.0,0.0,0.0,0.0
429,0.008534561757490823,0.019782110392436228,0.14415092922109116,-0.0035688481769721113,-0.0241945976887401,0.0,0.0,0.0,0.0
430,0.009018802644004367,-0.03908854805194113,0.011667016291499174,0.009486290299131606,0.0023600435708439446,0.0,0.0,0.0,0.0
431,0.009486400275387124,-0.09436547982285441,0.11951064504957742,-0.0052240022745478855,-0.025485493034874046,0.0,0.0,0.0,0.0
432,0.009936491749213362,-0.050364289546387477,-0.1427868783615099,0.008977068607423712,0.0016355925267163448,0.0,0.0,0.0,0.0
433,0.01036824646883663,0.020385979306168894,-0.14223599591865432,-0.006870625410917722,-0.026729345984217497,0.0,0.0,0.0,0.0
434,0.010780867676168784,0.012728301958853449,-0.10571264912012814,0.008446875397209844,0.0009081229340953448,0.0,0.0,0.0,0.0
435,0.011173593922013388,-0.042408541513922066,-0.08917150305008384,-0.008505596595834697,-0.02792387801232504,0.0,0.0,0.0,0.0
436,0.011545700471240431,-0.03835029748495839,-0.20704214182709962,0.007896803477379947,0.00017897948164463892,0.0,0.0,0.0,0.0
437,0.011896500640209183,0.06227128908254906,0.021897744598211262,-0.010125820409116344,-0.029066843597682343,0.0,0.0,0.0,0.0
438,0.012225347063970878,0.10168559567627433,-0.05126236824393374,0.007327977482055143,-0.0005504959436616154,0.0,0.0,0.0,0.0
439,0.012531632890912739,-0.06959148685219664,0.011440215839197913,-0.011728268497686156,-0.030156208846607826,0.0,0.0,0.0,0.0
440,0.012814792902639162,-0.013066654712746678,-0.08320658899993882,0.0067415497329269955,-0.0012789546143625468,0.0,0.0,0.0,0.0
441,0.013074304557022982,-0.1246783996805772,0.08769760383114567,-0.013310011946986501,-0.03118990817556986,0.0,0.0,0.0,0.0
442,0.013309688952502228,-0.012785029367542274,-0.11063994433171498,0.006138701134404733,-0.0020050556974783337,0.0,0.0,0.0,0.0
443,0.013520511711842759,-0.038253211565010596,0.08834209671279945,-0.014868168146722704,-0.0321660914763771,0.0,0.0,0.0,0.0
444,0.013706383783735926,0.032061999687003566,0.10524732038649856,0.005520640324415854,-0.002727454590940101,0.0,0.0,0.0,0.0
445,0.013866962160751988,0.05044581164621119,-0.13613603379043093,-0.016399868000740794,-0.033082853601995414,0.0,0.0,0.0,0.0
446,0.014001950512324392,0.036624867379592876,-0.05129693057160058,0.0048886053377906104,-0.0034448203517165195,0.0,0.0,0.0,0.0
447,0.014111099731596752,-0.006908468987156417,0.06322782993000525,-0.017902229056367642,-0.03393859896459862,0.0,0.0,0.0,0.0
448,0.014194208395123498,0.08401526023312793,-0.0037901399293954873,0.0042438584655961585,-0.004155824227166033,0.0,0.0,0.0,0.0
449,0.014251123134575655,-0.03604287514857847,-0.05706860735203559,-0.01937241898784687,-0.03473170279288164,0.0,0.0,0.0,0.0
450,0.014281738919766099,-0.035556661453186186,0.040487637006072885,0.0035876817987536553,-0.004859154737913641,0.0,0.0,0.0,0.0
451,0.01428599925247172,0.034217670493932914,-0.09548431881060171,-0.02080771204084871,-0.035460722781519176,0.0,0.0,0.0,0.0
452,0.014263896270694984,0.01461534944391348,-0.11376287115864872,0.002921371424092774,-0.0055535247507973295,0.0,0.0,0.0,0.0
453,0.014215470763172419,-0.03757645574815696,-0.16747578640617108,-0.022205509383519176,-0.036124272815262426,0.0,0.0,0.0,0.0
454,0.014140812094103289,-0.02460377909136783,-0.11366852917473713,0.0022462390229429094,-0.006237647900679088,0.0,0.0,0.0,0.0
455,0.014040058038237303,-0.12321168765002402,-0.2529173383930524,-0.0235632725137613,-0.03672117808287807,0.0,0.0,0.0,0.0
456,0.013913394526625775,0.08850607903799208,-0.04321342547049193,0.0015636269044344724,-0.006910261561880733,0.0,0.0,0.0,0.0
457,0.013761055303505389,0.08641605425678638,-0.11555792405409462,-0.02487825464555189,-0.03725034364740091,0.0,0.0,0.0,0.0
458,0.013583321494947597,-0.007694511420847016,-0.14385312360557193,0.0008748732071626139,-0.007570121727414768,0.0,0.0,0.0,0.0
459,0.013380521090070032,-0.03865595332668888,-0.02499392586042789,-0.026148116793836235,-0.037710719987449674,0.0,0.0,0.0,0.0
460,0.013153028335766889,0.016499442530980825,0.016083645250280932,0.00018133057868728312,-0.008216012275365555,0.0,0.0,0.0,0.0
461,0.012901263046075598,0.07658916406920807,-0.0916198255537238,-0.02737048200210341,-0.03810154386146816,0.0,0.0,0.0,0.0
462,0.012625689827453839,0.00966281840880226,0.07453170941223651,-0.0005156435546000913,-0.008846742166645055,0.0,0.0,0.0,0.0
463,0.012326817221397189,0.017158178780375365,0.032788108328378564,-0.028543102325463296,-0.03842206649284908,0.0,0.0,0.0,0.0
464,0.01200519676597903,0.044988902740419355,-0.06315128263663289,-0.0012146791210897775,-0.009461144800205275,0.0,0.0,0.0,0.0
465,0.011661421978044711,-0.05416042855999355,-0.1112107521462273,-0.029663786191559016,-0.038671661484431276,0.0,0.0,0.0,0.0
466,0.011296127257938682,0.013344935760057273,-0.03206368958752727,-0.0019144145236740656,-0.010058079345051417,0.0,0.0,0.0,0.0
467,0.010909986718784874,-0.101028623625048,-0.06337207643081438,-0.03073041557917839,-0.03884990070933325,0.0,0.0,0.0,0.0
468,0.01050371294248173,-0.026833452143444965,0.15693860525118317,-0.0026134937544855965,-0.010636453377114299,0.0,0.0,0.0,0.0
469,0.010078055664706816,-0.05363121363930866,-0.01693830959286145,-0.031740996382047554,-0.03895644313296027,0.0,0.0,0.0,0.0
470,0.009633800391358513,0.02646930922499894,-0.19372963194189666,-0.003310551011431722,-0.011195201617137713,0.0,0.0,0.0,0.0
471,0.009171766948986916,0.009189765980906608,-0.09702763066890199,-0.03269369836055494,-0.0389911251287523,0.0,0.0,0.0,0.0
472,0.008692807971889862,-0.0640988753616584,0.04456905500486433,-0.004004227578276322,-0.011733294105191914,0.0,0.0,0.0,0.0
473,0.008197807328665837,0.03163268593027792,0.03212039084141213,-0.03358670780549265,-0.038953803284659486,0.0,0.0,0.0,0.0
474,0.00768767849112713,0.02646493995660064,-0.10779302350554207,-0.004693176942747218,-0.012249736092008447,0.0,0.0,0.0,0.0
475,0.007163362848583154,0.055644370894884804,-0.19570759732581894,-0.0344183955165894,-0.03884458915785728,0.0,0.0,0.0,0.0
476,0.006625827970605132,0.10516386202780761,0.09231131389868655,-0.005376060266887236,-0.012743571567176513,0.0,0.0,0.0,0.0
477,0.006076065821478015,-0.007659469304643403,-0.06737200756588302,-0.03518717563220219,-0.03866370120326635,0.0,0.0,0.0,0.0
478,0.005515090929634416,0.009190018390525481,0.18377205012328335,-0.006051553915773595,-0.013213890265435313,0.0,0.0,0.0,0.0
479,0.004943938515448286,0.05313811206201325,-0.06843073261970947,-0.035891644442773464,-0.03841147119583501,0.0,0.0,0.0,0.0
480,0.004363662580844663,0.036075254475383955,0.05017942956065111,-0.006718348082975226,-0.01365982449755184,0.0,0.0,0.0,0.0
481,0.0037753339642493003,-0.006823908881005918,-0.04605053984717083,-0.0365304702139739,-0.038088365713713615,0.0,0.0,0.0,0.0
482,0.003180038364468857,0.02511274862941945,-0.010122549585760953,-0.007375150936217838,-0.01408055155781608,0.0,0.0,0.0,0.0
483,0.002578874337147047,0.004720237397928803,-0.17288071837927219,-0.03710246608050914,-0.03769498168651944,0.0,0.0,0.0,0.0
484,0.0019729512674958086,0.0068731109046877275,-0.15406470400243535,-0.008020685455157455,-0.014475295339272717,0.0,0.0,0.0,0.0
485,0.001363387323040915,0.022095998782753597,0.05583207574168599,-0.03760654770916722,-0.03723205053196114,0.0,0.0,0.0,0.0
486,0.0007513073901610347,-0.024420895040732242,-0.1954524496931177,-0.00865370724821511,-0.01484332478432572,0.0,0.0,0.0,0.0
487,0.00013784099822780488,-0.03767247237957917,-0.0012444572121743727,-0.0380417633463046,-0.036700378902063326,0.0,0.0,0.0,0.0
488,-0.0004758797648222013,0.008996177585290838,0.014658015337956838,-0.009272995844070573,-0.015183963862673905,0.0,0.0,0.0,0.0
489,-0.001088722341637324,-0.027169598400653028,-0.1469775870130774,-0.03840733719053034,-0.03610100700735154,0.0,0.0,0.0,0.0
490,-0.001699555795466467,-0.031032848718417945,0.09128810184010824,-0.009877346038680008,-0.01549658160408671,0.0,0.0,0.0,0.0
491,-0.002307252897184352,-0.03437186342588549,-0.015754632617994233,-0.0387025400210792,-0.03543499423383063,0.0,0.0,0.0,0.0
492,-0.002910692205474942,-0.04559902237022151,-0.1391310447876942,-0.010465581334467452,-0.015780602645849597,0.0,0.0,0.0,0.0
493,-0.003508760136333863,-0.024191637267607556,0.21500242470817882,-0.038926827279784776,-0.0347035983561097,0.0,0.0,0.0,0.0
494,-0.004100353018070782,0.01629952165652756,-0.03133075694093021,-0.011036569466455983,-0.016035501598719488,0.0,0.0,0.0,0.0
495,-0.004684379128019806,-0.01249793859714176,0.0016765143677541783,-0.03907979911012114,-0.03390815243098209,0.0,0.0,0.0,0.0
496,-0.005259760707199693,0.02403695537888942,0.01608908618892576,-0.011589210370775531,-0.016260808494949028,0.0,0.0,0.0,0.0
497,-0.005825435949204609,-0.12336023037121503,-0.021962772590684156,-0.039161124687422125,-0.03305011160628388,0.0,0.0,0.0,0.0
498,-0.006380360959656876,0.06445683776055901,0.03934258277969442,-0.012122436580187353,-0.016456108039162577,0.0,0.0,0.0,0.0
499,-0.0069235116826043604,0.02659161997499892,-0.1477823902228022,-0.03917062656699374,-0.03213108558491208,0.0,0.0,0.0,0.0
500,-0.007453885790308879,-0.05064738182937051,-0.19818895587128502,-0.0126352145193121,-0.016621039655192134,0.0,0.0,0.0,0.0
501,-0.007970504532936538,0.056975418661247786,0.01703212946237247,-0.03910830833046446,-0.031152773651089937,0.0,0.0,0.0,0.0
502,-0.008472414544738209,-0.0019479191676011615,-0.18398644044437262,-0.013126537303481367,-0.016755299116581066,0.0,0.0,0.0,0.0
503,-0.008958689603386066,-0.05026668999221429,-0.10419461301410915,-0.03897428751285044,-0.03011697908669534,0.0,0.0,0.0,0.0
504,-0.009428432339219818,-0.09348173402081865,0.1374582767582399,-0.01359546002240372,-0.016858637647057473,0.0,0.0,0.0,0.0
505,-0.009880775891248385,-0.03234571705100825,0.06380297184022016,-0.038768760236406005,-0.029025609724270103,0.0,0.0,0.0,0.0
506,-0.010314885506851007,-0.09111513966048379,0.008474583076076968,-0.014041071721588576,-0.016930864143576682,0.0,0.0,0.0,0.0
507,-0.010729960082225723,-0.06240711726841364,-0.033869919510550385,-0.03849212024071324,-0.027880676599779435,0.0,0.0,0.0,0.0
508,-0.011125233640742487,0.018418217527364673,0.06036085600748383,-0.014462503697352325,-0.01697184542204016,0.0,0.0,0.0,0.0
509,-0.011499976746472738,-0.0601276468890245,-0.06681388190383908,-0.03814485691133645,-0.02668429457795912,0.0,0.0,0.0,0.0
510,-0.01185349785028711,-0.07772296750375818,0.07718401332206355,-0.014858940498089945,-0.016981504670700795,0.0,0.0,0.0,0.0
511,-0.012185144566036577,0.019313429997243024,-0.002527994495700521,-0.0377276194982675,-0.02543866597032401,0.0,0.0,0.0,0.0
512,-0.012494304874463026,-0.12094063686149159,-0.017246867246034546,-0.01522960553096188,-0.01695982997885457,0.0,0.0,0.0,0.0
513,-0.012780408252616482,-0.010146578208922397,0.05642959625335714,-0.037241137902432164,-0.024146102800127606,0.0,0.0,0.0,0.0
514,-0.013042926726695553,-0.007837199285623039,-0.16908411798324635,-0.0155737734562925,-0.016906858086124847,0.0,0.0,0.0,0.0
515,-0.013281375846367618,-0.022375859925145902,0.00374529724104726,-0.03668632048431635,-0.0228089792564642,0.0,0.0,0.0,0.0
516,-0.013495315578771153,-0.01885654925795921,-0.0534643072139218,-0.015890768320735858,-0.016822686428587832,0.0,0.0,0.0,0.0
517,-0.013684351120550433,-0.1231315664951432,0.08010111594070021,-0.03606417375749288,-0.02142976308220151,0.0,0.0,0.0,0.0
518,-0.013848133626423552,-0.006477470383883429,0.11533561450024567,-0.016179969049152847,-0.01670747012249281,0.0,0.0,0.0,0.0
519,-0.013986360852939937,-0.11395455330042661,0.0682650818400827,-0.0353758454542931,-0.02001099550808071,0.0,0.0,0.0,0.0
520,-0.014098777716238903,-0.026256588076884545,0.16392249391595795,-0.016440802106710964,-0.016561421696779963,0.0,0.0,0.0,0.0
521,-0.014185176762780275,0.013903374239524632,-0.09647969628323806,-0.03462257936510988,-0.01855529632684745,0.0,0.0,0.0,0.0
522,-0.014245398552178061,-0.01507854714932165,-0.04016162370058422,-0.016672748391443108,-0.016384810279663223,0.0,0.0,0.0,0.0
523,-0.014279331951431027,-0.05879273864506067,0.21323302842625086,-0.03380576646249768,-0.01706534739018867,0.0,0.0,0.0,0.0
524,-0.014286914340006989,-0.07520815470065184,0.04851469457699762,-0.016875343858457018,-0.016177961735045564,0.0,0.0,0.0,0.0
525,-0.014268131725402445,-0.061611659881915457,0.09340762586788956,-0.03292690577070895,-0.015543900192668908,0.0,0.0,0.0,0.0
526,-0.014223018768964282,-0.11564900416171572,0.06374325622320084,-0.01704818136913495,-0.015941257118821658,0.0,0.0,0.0,0.0
527,-0.014151658721925859,-0.09594912918620394,0.08337489204684867,-0.031987592883237125,-0.013993757801901102,0.0,0.0,0.0,0.0
528,-0.014054183271775645,-0.04981352803794594,-0.012693576635280302,-0.017190907355311973,-0.015675133565593267,0.0,0.0,0.0,0.0
529,-0.013930772299241695,-0.07308107257909106,-0.04600648126730028,-0.030989583403325183,-0.012417782842369978,0.0,0.0,0.0,0.0
530,-0.013781653546340662,-0.019867821527850126,0.05037982463562509,-0.01730322131051482,-0.01538008325227127,0.0,0.0,0.0,0.0
531,-0.013607102196103702,0.007353001248692353,-0.017066102824131728,-0.029934682177465897,-0.010818900840375323,0.0,0.0,0.0,0.0
532,-0.013407440364755158,-0.03487543416351882,-0.21253892427517623,-0.01738488453433002,-0.015056652851196903,0.0,0.0,0.0,0.0
533,-0.013183036507280718,-0.12989997109287163,0.15845853074312907,-0.028824841504008745,-0.009200095031145664,0.0,0.0,0.0,0.0
534,-0.01293430473748233,-0.11469957677634439,0.050672827268862096,-0.017435719716966346,-0.014705439267229689,0.0,0.0,0.0,0.0
535,-0.012661704063774665,-0.13177941604073132,-0.17557977146484888,-0.027662119862973546,-0.007564331657993041,0.0,0.0,0.0,0.0
536,-0.012365737542133208,0.02862040572061141,-0.07520560213005174,-0.017455596792045665,-0.014327086118063546,0.0,0.0,0.0,0.0
537,-0.01204695134775708,0.039433499412761024,0.10652251697516207,-0.026448650384456242,-0.005914571572602556,0.0,0.0,0.0,0.0
538,-0.011705933767159926,0.04811243041619792,0.1693561531457575,-0.017444446431680926,-0.01392229284698616,0.0,0.0,0.0,0.0
539,-0.011343314112548953,0.012837056614598847,-0.04922853867314334,-0.02518664255684221,-0.004253885170494043,0.0,0.0,0.0,0.0
540,-0.010959761560495081,-0.04377203060025646,-0.0028057057836187466,-0.01740226174713313,-0.013491807095834219,0.0,0.0,0.0,0.0
541,-0.01055598391703775,0.026799072551794468,-0.028397470844248065,-0.02387842780749395,-0.0025853447142646347,0.0,0.0,0.0,0.0
542,-0.010132726311503042,-0.03198097074851508,-0.12768664443255137,-0.017329091292627004,-0.013036426895117236,0.0,0.0,0.0,0.0
543,-0.009690769821445601,0.06055148881257036,0.12648298214156994,-0.02252639372398213,-0.0009120470664396215,0.0,0.0,0.0,0.0
544,-0.00923093003125186,-0.03520197170105959,-0.06733021269163707,-0.017225035132127375,-0.012556990373301918,0.0,0.0,0.0,0.0
545,-0.008754055527064528,0.0013805554487483808,0.018994277867142716,-0.02113301710916047,0.000762898251507329,0.0,0.0,0.0,0.0
546,-0.008261026330805785,-0.04275153755755121,0.26626291943528435,-0.017090264532199972,-0.012054379950042738,0.0,0.0,0.0,0.0
547,-0.007752752276189112,-0.04740090142735581,0.05766098230754673,-0.019700905055072812,0.0024364348970443137,0.0,0.0,0.0,0.0
548,-0.007230171329716284,-0.0164554213221555,-0.05142002142782603,-0.01692500134519929,-0.011529525077417965,0.0,0.0,0.0,0.0
549,-0.00669424785975893,-0.09307812667904725,0.0973497782178956,-0.01823269426736073,0.0041054851323164875,0.0,0.0,0.0,0.0
550,-0.006145970856917379,-0.04502966816472083,-0.16211945943359976,-0.01672952491990757,-0.010983390560031772,0.0,0.0,0.0,0.0
551,-0.0055863521089421836,-0.08093322112904655,-0.057646221078305804,-0.016731091047680304,0.00576701573042217,0.0,0.0,0.0,0.0
552,-0.005016424333586043,0.0700457779686724,0.08985493235974353,-0.01650416799249311,-0.010416989479895418,0.0,0.0,0.0,0.0
553,-0.004437239272831421,-0.036037902915621096,0.15838061725743346,-0.015198848073118455,0.007417875669675151,0.0,0.0,0.0,0.0
554,-0.0038498657520107528,-0.060300692743510964,-0.12131381485121392,-0.01624931869005401,-0.009831366282981667,0.0,0.0,0.0,0.0
555,-0.0032553877074012953,0.0830488375993558,0.01445283532332024,-0.013638736962183616,0.009055049074294995,0.0,0.0,0.0,0.0
556,-0.002654902185934517,-0.023718722135685315,0.006368483041796821,-0.01596542266823676,-0.009227600004970358,0.0,0.0,0.0,0.0
557,-0.002049517320711007,0.06874053828548322,-0.13791198094442642,-0.012053620281411201,0.010675514511616285,0.0,0.0,0.0,0.0
558,-0.00144035028605652,-0.0684562895264206,-0.07236226942820018,-0.01565298447435247,-0.008606804409176126,0.0,0.0,0.0,0.0
559,-0.0008285252358943328,-0.004242082285127811,-0.18658143525045537,-0.010446495937146309,0.01227627948516872,0.0,0.0,0.0,0.0
560,-0.00021517122923668752,-0.04024859551375763,-0.011150904643148154,-0.015312565748362568,-0.007970123645616606,0.0,0.0,0.0,0.0
561,0.00039857985337498963,0.026362498610694896,0.2225625089373824,-0.00882039441363649,0.013854387413006536,0.0,0.0,0.0,0.0
562,0.001011595398637516,-0.03138993877012545,0.026921453370392593,-0.014944771177408384,-0.00731873846766164,0.0,0.0,0.0,0.0
563,0.0016227441506046017,-0.07312419416651819,0.13006613134608355,-0.007178322719395714,0.015406864069958578,0.0,0.0,0.0,0.0
564,0.0022308982983013483,-0.06960901071729031,0.07383113036598425,-0.014550252629838799,-0.006653844630288787,0.0,0.0,0.0,0.0
565,0.0028349355569814117,0.0003874564088210677,-0.10662893417449931,-0.005523185114640207,0.016930969320022738,0.0,0.0,0.0,0.0
566,0.003433741239185387,-0.026008858389538276,0.07921882048443478,-0.014129710751022043,-0.005976674305178019,0.0,0.0,0.0,0.0
567,0.004026210311780202,-0.003235193415069315,-0.017009849838000093,-0.0038579344501094405,0.018423814115655114,0.0,0.0,0.0,0.0
568,0.004611249435181654,0.024568025177213668,0.09150392763388249,-0.01368389902506441,-0.005288476962850976,0.0,0.0,0.0,0.0
569,0.0051877789809983334,-0.01882968938802674,-0.07563643135167118,-0.002185663020629591,0.019882645466035187,0.0,0.0,0.0,0.0
570,0.0057547350243721904,0.10533524231003744,-0.02594958851253614,-0.013213626390447701,-0.004590515929816267,0.0,0.0,0.0,0.0
571,0.0063110713073407975,0.04074433161759184,-0.031116516879767422,-0.0005095835835558403,0.0213048152625977,0.0,0.0,0.0,0.0
572,0.006855761169596723,0.019916782846103306,-0.006704964870625687,-0.012719750628932167,-0.003884087180117857,0.0,0.0,0.0,0.0
573,0.007387799443081346,0.06980285207568636,0.19997716837119697,0.001167082937186069,0.022687674058597482,0.0,0.0,0.0,0.0
574,0.007906204306917184,-0.013197481266785455,-0.017798379897952493,-0.01220316151108287,-0.0031704909944522556,0.0,0.0,0.0,0.0
575,0.008410019099255605,-0.013997829335606114,0.060462372755121535,0.0028413445563924404,0.024028623380662698,0.0,0.0,0.0,0.0
576,0.008898314082696,0.016415615817253867,-0.0757565885357442,-0.011664791495449484,-0.0024510416150990613,0.0,0.0,0.0,0.0
577,0.009370188160018554,-0.028123995872853184,-0.1589622284256941,0.00451018606469055,0.025325254862949762,0.0,0.0,0.0,0.0
578,0.009824770537064714,-0.008242031503465839,-0.0390702239395155,-0.011105606928808057,-0.0017270689781204536,0.0,0.0,0.0,0.0
579,0.010261222329696888,0.04139240556062704,0.20434929732838478,0.006170674114534085,0.026575155074662096,0.0,0.0,0.0,0.0
580,0.010678738111870822,0.05108211802014554,-0.14382125904008192,-0.010526621008434343,-0.0009999089582564025,0.0,0.0,0.0,0.0
581,0.01107654740196519,0.013816346913408314,0.12164194498045797,0.007819664070558235,0.027776020502339835,0.0,0.0,0.0,0.0
582,0.011453916084624474,0.011516470525629149,-0.1919968223971078,-0.009928894528645569,-0.00027090384822879674,0.0,0.0,0.0,0.0
583,0.011810147765492246,0.11483083539228314,0.047214547043803054,0.00945397582832866,0.02892562626623337,0.0,0.0,0.0,0.0
584,0.012144585056333647,-0.021210974342929477,-0.08810562464918299,-0.009313513339976652,0.0004586010795954401,0.0,0.0,0.0,0.0
585,0.01245661078817665,0.010682300440755861,0.053437448129430215,0.01107063226697158,0.030021851900780702,0.0,0.0,0.0,0.0
586,0.012745649150232675,-0.13957193311079547,0.04215325633953639,-0.008681595793993836,0.001187259651879334,0.0,0.0,0.0,0.0
587,0.013011166752495067,0.05233735510888082,0.09094800073777022,0.012666668027448699,0.031062675405412115,0.0,0.0,0.0,0.0
588,0.013252673610054437,-0.0709760678566496,0.18048061172175123,-0.008034290832487684,0.0019137272762396046,0.0,0.0,0.0,0.0
589,0.01346972404731453,0.07177177610759454,-0.018465848061231138,0.014239158387488094,0.032046176971115774,0.0,0.0,0.0,0.0
590,0.013661917520439732,0.02826439062175147,-0.05601077870265028,-0.007372777559260807,0.0026366634203176175,0.0,0.0,0.0,0.0
591,0.013828899356516775,-0.037939667381438266,0.12931785868802786,0.015785220068888092,0.03297054251821588,0.0,0.0,0.0,0.0
592,0.013970361408066472,0.03922706453604293,0.0879489270869457,-0.006698257965836031,0.0033547340832989626,0.0,0.0,0.0,0.0
593,0.014086042621697593,0.012280567500617137,0.20869984650431017,0.01730203406501522,0.03383406703915168,0.0,0.0,0.0,0.0
594,0.014175729519853485,0.0160751349907954,-0.018101758506275458,-0.0060119633836987285,0.004066614644593819,0.0,0.0,0.0,0.0
595,0.014239256594762552,0.1030457652782759,0.09211964209034157,0.01878683839536335,0.034635165064537704,0.0,0.0,0.0,0.0
596,0.014276506613865553,-0.009484620506491447,-0.04020469118526916,-0.0053151401468239465,0.004770988428565871,0.0,0.0,0.0,0.0
597,0.01428741083615594,-0.03507950904967659,-0.12807047665424445,0.020236923270667635,0.03537229787915893,0.0,0.0,0.0,0.0
598,0.014271949139034203,-0.012641507519092599,-0.010563509716014392,-0.0046090570207190495,0.005466558690558902,0.0,0.0,0.0,0.0
599,0.014230150055442049,0.07156541318173942,0.2172867396978647,0.021649640429064018,0.03604418831508333,0.0,0.0,0.0,0.0
600,0.014162090721207788,-0.0074735600458266304,0.08024684473109263,-0.0038949982442505514,0.006152042117627907,0.0,0.0,0.0,0.0
601,0.014067896732700307,0.12901387863404976,0.07925008767125087,0.02302241465194475,0.03664957689458826,0.0,0.0,0.0,0.0
602,0.013947741915054088,0.02214186778476234,0.011983018460063919,-0.003174290741323701,0.006826172560446691,0.0,0.0,0.0,0.0
603,0.013801848001393167,-0.025913961034272924,-0.022030242882453942,0.02435234035300083,0.037187329143898475,0.0,0.0,0.0,0.0
604,0.013630484223645876,-0.00828046557140564,-0.06661570485768577,-0.002448241103138432,0.007487702526394166,0.0,0.0,0.0,0.0
605,0.013433966815705538,0.0744343499706009,-0.1219869874260363,0.025637197660891894,0.03765647108310459,0.0,0.0,0.0,0.0
606,0.013212658429853962,-0.039059597203637345,0.09138900425604714,-0.0017181780644267251,0.008135415955698123,0.0,0.0,0.0,0.0
607,0.012966967467524654,0.09538994835546968,-0.09707393006971808,0.026874569290528658,0.03805607444323343,0.0,0.0,0.0,0.0
608,0.012697347325640774,-0.07192561785635425,0.038917006614411484,-0.0009854335630969965,0.008768118041779231,0.0,0.0,0.0,0.0
609,0.01240429555991866,-0.017480965538043926,0.12655451298156908,0.028062274387478634,0.03838546576074416,0.0,0.0,0.0,0.0
610,0.01208835296668076,0.09589584952580947,0.016640120676755663,-0.0002513491165393493,0.009384640092097895,0.0,0.0,0.0,0.0
611,0.01175010258487295,0.038909424543345256,0.03700740123209802,0.02919806171051734,0.03864403321188975,0.0,0.0,0.0,0.0
612,0.011390168620127017,0.04834979005272555,0.12399351606226769,0.000482734613843433,0.009983843950639924,0.0,0.0,0.0,0.0
613,0.01100921529285472,0.11725258965905744,-0.0573206330426509,0.030279886291875738,0.03883128967060389,0.0,0.0,0.0,0.0
614,0.010607945612498462,0.028964166609428695,0.04566340367046559,0.001215472408626123,0.01056462072049183,0.0,0.0,0.0,0.0
615,0.010187100080201348,0.12334499402410144,0.036853655311827584,0.03130570537641861,0.03894690252924737,0.0,0.0,0.0,0.0
616,0.009747455322289642,0.001122377067209941,-0.07653186021099695,0.001945524929454886,0.011125902016717263,0.0,0.0,0.0,0.0
617,0.009289822657090295,0.09227213822128122,0.08449192419495588,0.03227365841302144,0.038990599316663446,0.0,0.0,0.0,0.0
618,0.008815046597728176,0.039771290068239915,0.05693337894912198,0.0026715577314227385,0.011666653903120303,0.0,0.0,0.0,0.0
619,0.008324003293665415,0.022048701886603905,0.006931912886108282,0.033181986068657236,0.038962348357120626,0.0,0.0,0.0,0.0
620,0.007817598913859636,0.009290168194328471,-0.023397111395247888,0.003392238237298797,0.012185876923465877,0.0,0.0,0.0,0.0
621,0.007296767974523697,-0.054941415240958545,0.008872658758766309,0.03402895227502054,0.03886222445750553,0.0,0.0,0.0,0.0
622,0.006762471614574364,-0.07181006864080888,0.007186000258000238,0.0041062433171236345,0.012682611370743495,0.0,0.0,0.0,0.0
623,0.00621569582195096,0.029062667361498373,0.07489064395674797,0.0348130232582948,0.038690368931001536,0.0,0.0,0.0,0.0
624,0.005657449614077995,0.0415786371479977,0.14339672191514302,0.004812271551032542,0.01315594164190072,0.0,0.0,0.0,0.0
625,0.005088763175829249,0.03837765091788454,0.10510898650357274,0.03553271962002558,0.038447118644513834,0.0,0.0,0.0,0.0
626,0.004510685958429599,-0.05586538036170793,0.04047810705560417,0.005509034415947106,0.013604994494888601,0.0,0.0,0.0,0.0
627,0.003924284742802522,-0.02132360755262666,0.1311925414681789,0.03618680705020135,0.03813292495418889,0.0,0.0,0.0,0.0
628,0.003330641670938175,-0.0056855921183304875,-0.10734305968335234,0.006195249630245432,0.014028941485678018,0.0,0.0,0.0,0.0
629,0.0027308522489132817,-0.030101941121819062,-0.003749838551849828,0.03677401584533857,0.03774836950981556,0.0,0.0,0.0,0.0
630,0.0021260233252497628,-0.08506899343961463,0.08481261365500518,0.006869651973152234,0.01442700048250361,0.0,0.0,0.0,0.0
631,0.0015172710483414842,-0.02541885148999929,-0.097897654209192,0.03729326386949148,0.037294163153658876,0.0,0.0,0.0,0.0
632,0.0009057188067198682,0.03173891413177133,0.026957675544402922,0.007531017938166761,0.014798436496273198,0.0,0.0,0.0,0.0
633,0.00029249515595763584,0.0924784311783245,-0.03804056790175179,0.03774361903996972,0.03677113428904722,0.0,0.0,0.0,0.0
634,-0.0003212682639621839,-0.0005849572469255274,-0.084017241077761,0.008178141103156022,0.015142563158134989,0.0,0.0,0.0,0.0
635,-0.0009344388169690471,0.09876799091767824,-0.10143969972227365,0.038124234707370495,0.03618023572407933,0.0,0.0,0.0,0.0
636,-0.0015458849610660652,0.017518921971480528,-0.04496665778615742,0.008809829195125412,0.015458745394025487,0.0,0.0,0.0,0.0
637,-0.002154478336472381,-0.04900952927939787,-0.049363040212823256,0.03843442065379298,0.035522561171036415,0.0,0.0,0.0,0.0
638,-0.0027590958478928922,-0.010677960014334848,0.0984112348805205,0.00942492276018204,0.015746400042703404,0.0,0.0,0.0,0.0
639,-0.003358621737072721,0.020085854298419897,-0.10015396308162056,0.038673577446258815,0.03479933156625358,0.0,0.0,0.0,0.0
640,-0.003951949641812096,-0.05188488427366257,-0.03442739913666476,0.010022288137878354,0.01600499615869896,0.0,0.0,0.0,0.0
641,-0.004537984637642297,-0.03466173380129532,0.06547566026204943,0.03884129757206414,0.03401187822162563,0.0,0.0,0.0,0.0
642,-0.005115645258393513,-0.03947064502390734,-0.09950451180547366,0.010600840163162784,0.01623405857423524,0.0,0.0,0.0,0.0
643,-0.005683865491927582,-0.055014828998728685,-0.03101519154917591,0.038937262006720694,0.033161684366178834,0.0,0.0,0.0,0.0
644,-0.006241596747351619,-0.05242254432026698,0.009711421107159815,0.011159521224456858,0.016433160905712865,0.0,0.0,0.0,0.0
645,-0.006787809790082622,0.10940139173501116,-0.04659213769654673,0.038961328220133096,0.03225026091135408,0.0,0.0,0.0,0.0
646,-0.007321496641192033,-0.033234129085326664,0.04472511190150304,0.011697309171923215,0.0166019393857576,0.0,0.0,0.0,0.0
647,-0.007841672437525175,-0.04457411115426409,-0.050320602518214304,0.038913374092927375,0.03127935251589208,0.0,0.0,0.0,0.0
648,-0.008347377249163205,0.02333862290459661,-0.22187410113757694,0.012213217457204646,0.01674007952464477,0.0,0.0,0.0,0.0
649,-0.008837677850872756,-0.03109029304465267,0.1731241244001086,0.03879353243116821,0.030250701397925097,0.0,0.0,0.0,0.0
650,-0.009311669444275727,0.05320859477259168,-0.061746772506108306,0.012706298390377095,0.016847328095306875,0.0,0.0,0.0,0.0
651,-0.00976847732755963,-0.03581089765977138,0.06984223183857383,0.03860204279094085,0.029166229839155455,0.0,0.0,0.0,0.0
652,-0.010207258509648329,0.03733277489369867,-0.06456634376234317,0.013175650272253142,0.016923486195378926,0.0,0.0,0.0,0.0
653,-0.010627203265853374,0.11396957036645446,-0.07540096571948697,0.03833925789028757,0.028027924707181972,0.0,0.0,0.0,0.0
654,-0.011027536632136386,0.032010209982642604,0.13701716401904393,0.013620414186652684,0.016968414229448208,0.0,0.0,0.0,0.0
655,-0.011407519835223923,0.10550921485831648,-0.14878512511835534,0.03800566523724852,0.026837910778098207,0.0,0.0,0.0,0.0
656,-0.011766451655935999,0.06480480771117345,0.04023176601249305,0.014039776402733302,0.016982028921567152,0.0,0.0,0.0,0.0
657,-0.012103669723212586,0.14035476464806132,0.02507435448890361,0.03760188259073199,0.025598363921015593,0.0,0.0,0.0,0.0
658,-0.01241855173645025,0.02612199093284335,-0.03986861692742362,0.014432970860086628,0.016964306365260157,0.0,0.0,0.0,0.0
659,-0.012710516613892402,0.05142928247257057,-0.0655601263793366,0.037128677916049194,0.024311586048856828,0.0,0.0,0.0,0.0
660,-0.012979025564954956,0.025538283231264156,0.211248869751896,0.014799273691399493,0.016915278505829565,0.0,0.0,0.0,0.0
661,-0.013223583084507747,0.009109479400838252,-0.008831380691334524,0.0365868310124503,0.022979951661599184,0.0,0.0,0.0,0.0
662,-0.01344373786727754,0.029593143439201986,0.07770865434822138,0.015138020090622659,0.016835036210887423,0.0,0.0,0.0,0.0
663,-0.013639083640684403,0.062112035063816226,0.18436366699554446,0.035977449997996895,0.021605918224207363,0.0,0.0,0.0,0.0
664,-0.013809259914575272,-0.05849396761300181,0.1559775702282996,0.01544858910409223,0.01672372654372884,0.0,0.0,0.0,0.0
665,-0.013953952646470744,0.11244179365734994,0.17133800809961888,0.03530160999741282,0.02019201932907952,0.0,0.0,0.0,0.0
666,-0.014072894821097554,0.03215725771633131,0.032395186430270256,0.015730416338809602,0.01658155401988996,0.0,0.0,0.0,0.0
667,-0.014165866943137278,0.06334010405736151,0.11561087782405687,0.03456060785589802,0.018740860030946188,0.0,0.0,0.0,0.0
668,-0.014232697442281943,-0.03544184510999021,0.11775080845073109,0.015982983368612008,0.016408781825784303,0.0,0.0,0.0,0.0
669,-0.014273262989849062,-0.07543148556184509,0.1123776597637341,0.03375573217654939,0.01725511862777103,0.0,0.0,0.0,0.0
670,-0.014287488726371759,0.06485761085051561,0.1501054764774339,0.016205826142837138,0.016205726585475293,0.0,0.0,0.0,0.0
671,-0.014275348399744113,0.047574160778362296,0.0862362581040109,0.03288854553294255,0.015737524546350835,0.0,0.0,0.0,0.0
672,-0.014236864413666632,0.06621925753122718,-0.10743443724999403,0.016398557304176494,0.015972768153655417,0.0,0.0,0.0,0.0
673,-0.014172107786302589,-0.01613979487820886,0.009343986476382916,0.03196060542714917,0.014190878116335513,0.0,0.0,0.0,0.0
674,-0.014081198019221459,0.0075757003250968655,0.13164547636139307,0.016560807115888348,0.015710332168179957,0.0,0.0,0.0,0.0
675,-0.013964302876871271,0.07163608045332986,0.11163737427374618,0.03097359879422956,0.012618015274789837,0.0,0.0,0.0,0.0
676,-0.01382163807698689,0.0009825396596701876,-0.06269730319360692,0.0166922904908533,0.015418901468806404,0.0,0.0,0.0,0.0
677,-0.013653466892505565,-0.08107433481328989,0.0012300615398627337,0.029929406646079376,0.011021826720594452,0.0,0.0,0.0,0.0
678,-0.013460099665724371,0.10369784640892263,-0.07849864051103683,0.01679276745737524,0.015099011683924071,0.0,0.0,0.0,0.0
679,-0.013241893235595874,0.010329991029368466,-0.061865417190346404,0.0288299429969716,0.009405241063344982,0.0,0.0,0.0,0.0
680,-0.012999250279219384,-0.02142761860240738,0.10463704255516806,0.016862056635327808,0.014751253040060123,0.0,0.0,0.0,0.0
681,-0.012732618568742478,-0.0031870778950697336,-0.13299077407499063,0.027677205625795672,0.007771252733778383,0.0,0.0,0.0,0.0
682,-0.012442490145044555,-0.015225578058881188,0.05099145201069714,0.01690003674848304,0.014376270202617098,0.0,0.0,0.0,0.0
683,-0.01212940040972672,-0.04331233052680432,0.06215679417134578,0.02647336081677001,0.006122938765945181,0.0,0.0,0.0,0.0
684,-0.011793927137084487,-0.039746555894317796,0.0713265681673006,0.01690664254972206,0.013974760606922952,0.0,0.0,0.0,0.0
685,-0.011436689407885725,0.058540333728698685,-0.015455212201249248,0.025220616770508304,0.0044634197011867004,0.0,0.0,0.0,0.0
686,-0.011058346466922029,0.014649796417559986,-0.0050767886980647055,0.01688186760995011,0.013547467734987897,0.0,0.0,0.0,0.0
687,-0.010659596506441523,-0.03710730724353308,-0.06509805772225553,0.02392129760725749,0.0027957551409903275,0.0,0.0,0.0,0.0
688,-0.010241175377708276,0.002055035108818418,0.03564263552479977,0.016825761364706208,0.013095177266361757,0.0,0.0,0.0,0.0
689,-0.009803855233065744,0.02167618128012866,-0.004308207747307375,0.022577800311177672,0.001122905665056436,0.0,0.0,0.0,0.0
690,-0.00934844310101088,0.06357121049711163,-0.031783305550937516,0.016738432117041707,0.012618724386906956,0.0,0.0,0.0,0.0
691,-0.008875779396907264,0.01776744108659682,-0.054466764040575405,0.021192604978793033,-0.0005519971875343413,0.0,0.0,0.0,0.0
692,-0.008386736372086857,-0.02428544637645883,-0.14656781908964764,0.01662004435319791,0.012118981831514756,0.0,0.0,0.0,0.0
693,-0.007882216504201357,-0.019706478953172457,0.055351063828776,0.019768266183488245,-0.0022258754344734555,0.0,0.0,0.0,0.0
694,-0.0073631508317944854,0.005629756294961345,-0.07644103691421966,0.016470819705210332,0.011596873757622753,0.0,0.0,0.0,0.0
695,-0.006830497236167975,0.07503128994277003,0.026526476861456563,0.01830740728648787,-0.003895652306076858,0.0,0.0,0.0,0.0
696,-0.0062852386737116215,0.008360715651995778,-0.030642993451880228,0.016291038310268135,0.011053362484048576,0.0,0.0,0.0,0.0
697,-0.005728381361960703,0.033426950824003626,0.026235281377897355,0.01681272296696226,-0.005558299484969986,0.0,0.0,0.0,0.0
698,-0.005160952922726715,0.09121583581051856,0.18911193337398058,0.01608103367850384,0.010489455218822429,0.0,0.0,0.0,0.0
699,-0.00458400048572928,-0.006820967242705693,-0.09474146531905145,0.015286958754595872,-0.00721066351219577,0.0,0.0,0.0,0.0
700,-0.003998588756227519,0.039887377067023964,0.009443542924011727,0.01584120208225331,0.00990619002347971,0.0,0.0,0.0,0.0
701,-0.003405798050218546,-0.018230216419379722,-0.2083427342420928,0.013732929181924796,-0.00884972652806475,0.0,0.0,0.0,0.0
702,-0.002806722300827271,0.04970808386807776,0.09121827346216332,0.015571985222417583,0.009304646900227283,0.0,0.0,0.0,0.0
703,-0.00220246703956751,-0.05863956921143066,-0.1350290134751951,0.012153482867162174,-0.010472392549250158,0.0,0.0,0.0,0.0
704,-0.001594147356199432,0.10959299073599155,-0.1035401431628676,0.015273882178773401,0.008685932706619172,0.0,0.0,0.0,0.0
705,-0.0009828858409482648,-0.024139592276216624,0.06650259898935879,0.010551524990106937,-0.012075777572795378,0.0,0.0,0.0,0.0
706,-0.00036981051288168047,-0.02502055934276937,-0.14349206362531614,0.014947445092613396,0.008051187844202157,0.0,0.0,0.0,0.0
707,0.000243947261731182,0.015168548003642077,-0.04157488776971533,0.008930006207597568,-0.013656906589854573,0.0,0.0,0.0,0.0
708,0.000857254857237601,0.04455684143431739,-0.05093329605497117,0.01459328122976324,0.007401585902605566,0.0,0.0,0.0,0.0
709,0.0014689804787431679,-0.08803057902102474,0.0961539305059626,0.0072919523716179335,-0.01521282679923099,0.0,0.0,0.0,0.0
710,0.0020779952507209067,-0.08134295352405968,0.09277206601550414,0.014212053156389513,0.006738326967972229,0.0,0.0,0.0,0.0
711,0.002683175300232253,-0.0357202192742619,-0.08415723053199609,0.005640481464827398,-0.0167406760799215,0.0,0.0,0.0,0.0
712,0.0032834038309172858,0.08767673632205578,-0.01128500496707751,0.013804471299002537,0.006062631764335416,0.0,0.0,0.0,0.0
713,0.003877573183925071,0.0430047867268326,-0.06543590684127545,0.0039786763958869695,-0.018237596210926594,0.0,0.0,0.0,0.0
714,0.004464586881982286,0.03783161209512565,0.08220652747076536,0.013371290188049199,0.005375748832000994,0.0,0.0,0.0,0.0
715,0.005043361652826634,0.011886650210220262,0.017850252887878656,0.0023095481087337874,-0.01970088895904122,0.0,0.0,0.0,0.0
716,0.005612829428272714,-0.04152777936480856,0.019059252219902935,0.01291331083912948,0.004678949978025798,0.0,0.0,0.0,0.0
717,0.006171939315219877,0.014527698132997672,0.03327998611043803,0.0006361327025755922,-0.02112779731285019,0.0,0.0,0.0,0.0
718,0.006719659534965076,-0.12069554936947426,0.05965404856505835,0.01243138610894072,0.003973519260546673,0.0,0.0,0.0,0.0
719,0.007254979327242565,-0.010154554588789035,0.05524452650103294,-0.0010384839413966622,-0.02251574209296062,0.0,0.0,0.0,0.0
720,0.007776910815475778,0.007728836812772738,0.13298042813256297,0.011926395939079333,0.003260748401616278,0.0,0.0,0.0,0.0
721,0.008284490829800472,-0.0007992381541217283,0.13108140030951215,-0.0027112488176453606,-0.023862151105186934,0.0,0.0,0.0,0.0
722,0.008776782684493358,0.026084511635054784,0.05715988878137224,0.011399285992708674,0.0025419598126396456,0.0,0.0,0.0,0.0
723,0.00925287790652747,-0.04239453118420651,-0.07683537697774748,-0.004379032845541747,-0.025164527608913155,0.0,0.0,0.0,0.0
724,0.009711897912064334,-0.09090329414048173,-0.02805704548025655,0.010851020566338769,0.0018184800481984005,0.0,0.0,0.0,0.0
725,0.010152995627787756,-0.040359279268486106,-0.09493163126453152,-0.006038786149447407,-0.026420465211201317,0.0,0.0,0.0,0.0
726,0.010575357054089421,-0.0071312885356522825,0.009278472861884763,0.010282627021806455,0.0010916442792503409,0.0,0.0,0.0,0.0
727,0.010978202767219607,-0.12131867602239857,0.06670275005569778,-0.0076874120930211795,-0.02762764636611234,0.0,0.0,0.0,0.0
728,0.011360789357631912,0.07634893268202081,-0.0023422450469229882,0.009695147855149062,0.0003627938355039456,0.0,0.0,0.0,0.0
729,0.011722410801867821,0.023953521872239283,-0.102903651773818,-0.009321883425044784,-0.02878384230879793,0.0,0.0,0.0,0.0
730,0.012062399765449114,0.033372516857186535,-0.02730980185652181,0.009089670791323208,-0.0003667263491139894,0.0,0.0,0.0,0.0
731,0.012380128834373567,0.10307490586678338,-0.10945173496227131,-0.01093912918492274,-0.029886921765206083,0.0,0.0,0.0,0.0
732,0.012675011672941662,0.051813057799578156,-0.04959910809163858,0.008467317129053619,-0.0010955698877790016,0.0,0.0,0.0,0.0
733,0.012946504105777782,0.010613209178057007,0.030390018640134873,-0.012536258084725726,-0.03093484626144554,0.0,0.0,0.0,0.0
734,0.01319410512204893,-0.02218083562449597,0.12546110467091626,0.007829237892052487,-0.0018223919338195176,0.0,0.0,0.0,0.0
735,0.013417357800027594,0.020328554895190823,-0.06976031180881437,-0.014110284649393985,-0.03192568555338023,0.0,0.0,0.0,0.0
736,0.013615850150292864,0.04980278118382041,0.02202732976144435,0.007176612880627083,-0.002545847562655128,0.0,0.0,0.0,0.0
737,0.013789215876013818,-0.02672187680758889,-0.005187220233147848,-0.015658304932089712,-0.03285754685012504,0.0,0.0,0.0,0.0
738,0.013937135048911975,0.01714600675360245,0.1018098160432057,0.006510651596285017,-0.003264604758305252,0.0,0.0,0.0,0.0
739,0.014059334699655344,0.030401691212458545,-0.026756760134168875,-0.017177396059919234,-0.03372879759874663,0.0,0.0,0.0,0.0
740,0.014155589321594666,0.04892010515239593,-0.041087513142293565,0.005832582743004233,-0.003977335166217294,0.0,0.0,0.0,0.0
741,0.01422572128691243,0.01127112089868557,0.0416036269535617,-0.01866485456075116,-0.034537852807989815,0.0,0.0,0.0,0.0
742,0.014269601174416282,0.026195222835762963,-0.06811414017721902,0.005143659218527745,-0.004682727894713089,0.0,0.0,0.0,0.0
743,0.014287148008372353,-0.04470882225708461,0.08356626402438644,-0.020117908513774766,-0.03528311854917966,0.0,0.0,0.0,0.0
744,0.014278329407937437,0.002411648163338375,-0.09378304161170954,0.004445154788529143,-0.0053794795227143114,0.0,0.0,0.0,0.0
745,0.014243161646914467,-0.012964693975885046,-0.01993342933735519,-0.02153384489599499,-0.03596327236877525,0.0,0.0,0.0,0.0
746,0.014181709623720925,0.02792719183631698,0.07910469583665738,0.00373836559121747,-0.0060663031190401106,0.0,0.0,0.0,0.0
747,0.014094086741625572,-0.09288186034531311,0.12007270878906126,-0.02291000742759637,-0.03657707632423704,0.0,0.0,0.0,0.0
748,0.013980454699474659,0.0752050855032457,0.09232355050812964,0.003024593489410849,-0.006741929549226441,0.0,0.0,0.0,0.0
749,0.013841023193293635,0.04125103125659851,-0.09394331868910896,-0.02424395757235314,-0.037123384385342996,0.0,0.0,0.0,0.0
750,0.01367604952931506,0.03401661717076124,-0.3264377183928762,0.0023051585175089414,-0.007405118804899771,0.0,0.0,0.0,0.0
751,0.01348583814914693,-0.06375950362516383,0.00632983434970797,-0.0255331828520684,-0.037601205450918065,0.0,0.0,0.0,0.0
752,0.013270740067957715,0.05620913395893253,0.01388037584003637,0.0015813903674631214,-0.00805464137244193,0.0,0.0,0.0,0.0
753,0.013031152226714427,0.0133062251740299,-0.034141236817763126,-0.026775310751840697,-0.03800962312845091,0.0,0.0,0.0,0.0
754,0.012767516759669932,-0.027139354214420333,0.1684362033206087,0.0008546267102490924,-0.008689300070999753,0.0,0.0,0.0,0.0
755,0.012480320178450218,-0.06025218570755431,-0.09362199939891667,-0.02796804546162302,-0.03834790086248571,0.0,0.0,0.0,0.0
756,0.01217009247424851,0.06325981986335899,-0.12820494721408066,0.00012621063974164014,-0.009307924338233754,0.0,0.0,0.0,0.0
757,0.011837406139781705,-0.026927317792379307,-0.16642618933757988,-0.02910918558634855,-0.038615423155038964,0.0,0.0,0.0,0.0
758,0.011482875112815446,0.04962561848845264,0.007057011133305839,-0.0006025117518534638,-0.009909373283901983,0.0,0.0,0.0,0.0
759,0.011107153643205957,-0.027142427509810864,0.024772778772192944,-0.03019662495068257,-0.038811704301315586,0.0,0.0,0.0,0.0
760,0.010710935085550636,0.009762335301363926,-0.009600999211596557,-0.0013301938564767681,-0.010492537008980979,0.0,0.0,0.0,0.0
761,0.010294950619674947,-0.18741879579060755,0.0076319958374996555,-0.03122835648499061,-0.038936376205536166,0.0,0.0,0.0,0.0
762,0.00985996790131658,0.00045923401270103834,-0.19055362792190608,-0.0020554910338328653,-0.01105633767597305,0.0,0.0,0.0,0.0
763,0.009406789645497064,-0.06468947117251918,-0.07306947942712116,-0.03220247592810562,-0.03898918057483357,0.0,0.0,0.0,0.0
764,0.008936252145195448,-0.08055409358810993,-0.040001379777133125,-0.0027770630913970104,-0.011599730406380978,0.0,0.0,0.0,0.0
765,0.008449223728057426,-0.03722799202907901,-0.1862419150902445,-0.033117185340419096,-0.038970039156124646,0.0,0.0,0.0,0.0
766,0.007946603153987514,-0.06223204050972902,-0.1354026242588256,-0.0034935767562335137,-0.012121716023744422,0.0,0.0,0.0,0.0
767,0.00742931795658166,-0.07308012701284619,-0.0526495462965918,-0.0339707964208125,-0.038878951951309595,0.0,0.0,0.0,0.0
768,0.006898322731461354,-0.06547263076983921,-0.03714517686686411,-0.004203708134066018,-0.012621337191558302,0.0,0.0,0.0,0.0
769,0.0063545973746676285,-0.07587836023730513,0.10458435210059458,-0.03476173362131054,-0.038716093969393094,0.0,0.0,0.0,0.0
770,0.0057991452743654396,-0.14033705594302193,0.06381207486934591,-0.004906145151061502,-0.013097668166121953,0.0,0.0,0.0,0.0
771,0.005232991459195773,-0.03319336554938403,-0.05410857373565657,-0.03548853705370813,-0.03848183286533341,0.0,0.0,0.0,0.0
772,0.004657180706692881,-0.03418998293590369,-0.18318462018638543,-0.005599589973822875,-0.013549827359426241,0.0,0.0,0.0,0.0
773,0.004072775615257127,-0.07878606187360226,-0.010236529227077774,-0.0361498651828087,-0.03817653316715565,0.0,0.0,0.0,0.0
774,0.003480854643240328,-0.008497682640663976,0.13896523878248393,-0.006282761403125261,-0.013976981738841609,0.0,0.0,0.0,0.0
775,0.002882510118764652,-0.09980371695157339,-0.2777551818440557,-0.03674449730130462,-0.037800784517990474,0.0,0.0,0.0,0.0
776,0.0022788462239448676,-0.029813627407112468,-0.0057197828116412955,-0.006954397236978369,-0.01437834308141136,0.0,0.0,0.0,0.0
777,0.001670976957236251,-0.05173328843678743,-0.04789862889209366,-0.0372713357817328,-0.037355280418393665,0.0,0.0,0.0,0.0
778,0.0010600240776673874,-0.06028048633560056,-0.019798538724134188,-0.0076132565986557635,-0.014753170758734458,0.0,0.0,0.0,0.0
779,0.00044711503475124246,0.04178879024562221,-0.11195419354973365,-0.037729408101351,-0.03684084302238764,0.0,0.0,0.0,0.0
780,-0.0001666191121049643,0.006144460576148614,-0.10956590315596548,-0.008258122225394493,-0.015100773101715552,0.0,0.0,0.0,0.0
781,-0.0007800457808511617,-0.007340577630195976,0.14267491371200514,-0.03811786863619804,-0.03625842162198433,0.0,0.0,0.0,0.0
782,-0.0013920329568557043,-0.026963400578027093,0.1550173143363096,-0.008887802713543086,-0.015420508675698927,0.0,0.0,0.0,0.0
783,-0.002001451281919947,-0.06339439400737923,0.0003819173639932408,-0.03843600022102837,-0.035609090895775214,0.0,0.0,0.0,0.0
784,-0.002607176138390648,-0.05446539805244316,-0.10534710756494106,-0.009501134716014355,-0.015711787462978324,0.0,0.0,0.0,0.0
785,-0.0032080897245237855,-0.04021302386401808,-0.006012424362139536,-0.038683215472242,-0.0348940489263775,0.0,0.0,0.0,0.0
786,-0.003803083117270337,-0.0265687488308854,0.030637193731872677,-0.010096985087989318,-0.0159740719505022,0.0,0.0,0.0,0.0
787,-0.004391058318677757,-0.061566324346698766,0.025905211088558915,-0.03885905787136943,-0.0341146149904007,0.0,0.0,0.0,0.0
788,-0.004970930282130321,-0.007391647750420765,0.01038817477132688,-0.010674252976912237,-0.016206878120772462,0.0,0.0,0.0,0.0
789,-0.005541628914688749,-0.02779097362494372,-0.03796160457406647,-0.03896320260711171,-0.033272227125007936,0.0,0.0,0.0,0.0
790,-0.006102101051834297,-0.007277305240870206,0.11298749035387748,-0.011231871852921268,-0.016409776184511393,0.0,0.0,0.0,0.0
791,-0.006651312400974169,-0.08829833962420339,0.027349670704905155,-0.03899545717438244,-0.03236843653687563,0.0,0.0,0.0,0.0
792,-0.007188249450119364,0.014828273189385397,-0.02788984355450868,-0.011768811475967504,-0.016582391752392046,0.0,0.0,0.0,0.0
793,-0.007711921338215562,-0.050187149982212964,-0.08034273068833028,-0.038955761729245836,-0.031404913053243395,0.0,0.0,0.0,0.0
794,-0.008221361683672653,-0.045358108939544534,0.03662350565154359,-0.012284079795993507,-0.01672440609935609,0.0,0.0,0.0,0.0
795,-0.008715630367721376,-0.07372874814108854,-0.002251394119093149,-0.03884418919909603,-0.030383430122631113,0.0,0.0,0.0,0.0
796,-0.009193815269303317,0.05385290220759777,0.13359001376601212,-0.012776724782664553,-0.016835557351207977,0.0,0.0,0.0,0.0
797,-0.009655033948295307,-0.04749366621306129,0.1664975026947413,-0.038660945147874146,-0.02930587912463042,0.0,0.0,0.0,0.0
798,-0.010098435273959937,0.027353723312357928,-0.06235241706890122,-0.013245836181277048,-0.016915640754854362,0.0,0.0,0.0,0.0
799,-0.010523200995618,-0.06365148250830459,0.1251122033554443,-0.03840636739657136,-0.028174251670469472,0.0,0.0,0.0,0.0
800,-0.010928547252644527,-0.039700075313214456,0.04136749915275817,-0.013690547191603626,-0.01696450780980146,0.0,0.0,0.0,0.0
801,-0.01131372602100155,-0.054077505617678455,-0.01882620466027168,-0.038080925399718336,-0.026990626062652134,0.0,0.0,0.0,0.0
802,-0.011678026493637932,-0.03293264609289351,0.20696861492986107,-0.014110036066577613,-0.016982070215244924,0.0,0.0,0.0,0.0
803,-0.0120207763922091,0.062212831171530515,-0.004993129853807475,-0.037685219379010725,-0.0257571975259872,0.0,0.0,0.0,0.0
804,-0.012341343207696719,-0.086746608284084,-0.044766520154945505,-0.014503527627866835,-0.016968296176100996,0.0,0.0,0.0,0.0
805,-0.01263913536763737,-0.0937651171906636,-0.020074902780572848,-0.03721997921566925,-0.02447623998809842,0.0,0.0,0.0,0.0
806,-0.012913603327807735,0.04353104944751604,0.09406253582310162,-0.014870294695539948,-0.01692320853299719,0.0,0.0,0.0,0.0
807,-0.01316424058635095,-0.009799151572646124,-0.10888999049306469,-0.03668606310357788,-0.02315010084281994,0.0,0.0,0.0,0.0
808,-0.013390584618472583,0.08068354312125524,-0.07571316705653554,-0.015209659429187986,-0.0168468900230578,0.0,0.0,0.0,0.0
809,-0.013592217729981588,0.04706503424321684,-0.009900411264491565,-0.036084455965684284,-0.02178122552859116,0.0,0.0,0.0,0.0
810,-0.013768767828101398,0.019424628459383815,0.11600600624246163,-0.015520991848211723,-0.01673948191722047,0.0,0.0,0.0,0.0
811,-0.013919909108127898,-0.0109491945833218,0.1981922320369437,-0.035416261799088085,-0.02037216544001312,0.0,0.0,0.0,0.0
812,-0.014045362654668091,-0.05387755022800962,0.11318539835045122,-0.015803720185857996,-0.01660118071925562,0.0,0.0,0.0,0.0
813,-0.014144896956349039,-0.0028167098189384038,5.4437840753221445e-05,-0.03468274479341332,-0.018925537512777393,0.0,0.0,0.0,0.0
814,-0.014218328333047927,-0.09169517018835936,-0.07763387056438632,-0.016057317811507262,-0.016432237288049194,0.0,0.0,0.0,0.0
815,-0.01426552127485451,-0.007095175181616269,0.06755683913932214,-0.03388522470073396,-0.017443922772355715,0.0,0.0,0.0,0.0
816,-0.014286388692140392,0.007650742054271523,-0.005645358455531749,-0.0162813194968088,-0.01623296831460474,0.0,0.0,0.0,0.0
817,-0.014280892076273817,-0.021715449862107987,0.0015065166496217343,-0.03302517707670021,-0.01593006783444471,0.0,0.0,0.0,0.0
818,-0.014249041570683341,0.019953741268570902,0.03402685406636577,-0.01647531272798169,-0.01600375027625556,0.0,0.0,0.0,0.0
819,-0.014190895952139166,-0.0745959021806196,0.2221638898496204,-0.03210417034551083,-0.014386955767641691,0.0,0.0,0.0,0.0
820,-0.014106562522286814,-0.010468989661657171,-0.004369463233414257,-0.016638938669533837,-0.015744998457004028,0.0,0.0,0.0,0.0
821,-0.013996196909633107,-0.05183078635073626,-0.014880803083546819,-0.031123940470455424,-0.012817264562595984,0.0,0.0,0.0,0.0
822,-0.013860002782350165,0.04535150523310828,0.03104483291398534,-0.01677189209311157,-0.015457189536631765,0.0,0.0,0.0,0.0
823,-0.013698231472427103,-0.004719205443556283,-0.13247987215064655,-0.03008628648799912,-0.011223893158999874,0.0,0.0,0.0,0.0
824,-0.013511181511863087,-0.023618436087567266,0.1992749874087027,-0.016873926659500327,-0.015140853439758592,0.0,0.0,0.0,0.0
825,-0.013299198081758019,-0.09537415058800966,-0.002079920255957401,-0.028993117334565145,-0.009609774927351496,0.0,0.0,0.0,0.0
826,-0.013062672375316779,0.013856181529083328,-0.1712266143511432,-0.016944852881096657,-0.014796572742762625,0.0,0.0,0.0,0.0
827,-0.012802040875943237,-0.09802993954109669,0.018726412357196028,-0.02784644497463319,-0.00797787795726112,0.0,0.0,0.0,0.0
828,-0.012517784551756029,0.057047569970245474,-0.16678898079844273,-0.016984539490293136,-0.014424981470150505,0.0,0.0,0.0,0.0
829,-0.01221042796801197,0.022646485785035465,0.08556092121436319,-0.026648388549712205,-0.006331210193928177,0.0,0.0,0.0,0.0
830,-0.011880538319076183,-0.05247542798282519,-0.0641341164840662,-0.016992912324551666,-0.01402676538813026,0.0,0.0,0.0,0.0
831,-0.011528724381724203,-0.08162335656898374,-0.1374188681888178,-0.025401161491184782,-0.004672824954787634,0.0,0.0,0.0,0.0
832,-0.011155635391708113,-0.01142865458092356,-0.05118656201467017,-0.01696995572623077,-0.01360266096959389,0.0,0.0,0.0,0.0
833,-0.010761959845660099,0.011526333846607499,0.04976857677386662,-0.024107071368754437,-0.003005815669195222,0.0,0.0,0.0,0.0
834,-0.01034842423054428,-0.037729936407151346,-0.16435221594808064,-0.016915713192976158,-0.013153454796739433,0.0,0.0,0.0,0.0
835,-0.009915791683000759,-0.1441216667729084,0.10243041498424639,-0.02276849387791509,-0.0013333188856034903,0.0,0.0,0.0,0.0
836,-0.009464860581057109,-0.13581576537129872,-0.00496269037905188,-0.016830282886999472,-0.01267998111637658,0.0,0.0,0.0,0.0
837,-0.008996463070805554,-0.05550980854298524,0.042934642987943944,-0.021387927848442907,0.0003415200900738636,0.0,0.0,0.0,0.0
838,-0.008511463530764337,-0.04634526518892295,0.005166432529496919,-0.016713821920154873,-0.012183113730759356,0.0,0.0,0.0,0.0
839,-0.008010756976757915,-0.00042762860092704705,-0.13582292599240167,-0.019967914429073055,0.002015659333168006,0.0,0.0,0.0,0.0
840,-0.007495267410258792,0.02102276135282094,0.24798673537142465,-0.01656654486421579,-0.011663763254961339,0.0,0.0,0.0,0.0
841,-0.006965946113239801,-0.13821668675506274,-0.05856262771726058,-0.01851105832744097,0.0036861097295673778,0.0,0.0,0.0,0.0
842,-0.006423769892683173,-0.03936037329835159,-0.02931695349721182,-0.016388718374843195,-0.011122889153806303,0.0,0.0,0.0,0.0
843,-0.005869739277985108,0.033154059490551974,0.030500999023761813,-0.01702001982609431,0.005349777698237775,0.0,0.0,0.0,0.0
844,-0.0053048766745838714,-0.06225239100856651,-0.03532207493325064,-0.016180667901242465,-0.010561497579584562,0.0,0.0,0.0,0.0
845,-0.004730224477217996,-0.032159431301398214,0.09979217961750722,-0.015497564291412415,0.007003547990084347,0.0,0.0,0.0,0.0
846,-0.004146843146295373,-0.08528581915742255,-0.021064206562394848,-0.015942785900348883,-0.00998061196173997,0.0,0.0,0.0,0.0
847,-0.003555809250925367,-0.0957221323073241,0.14395729145605943,-0.013946563748055175,0.008644390913814467,0.0,0.0,0.0,0.0
848,-0.0029582134822230626,0.01895748044679103,-0.1160716350154104,-0.01567550923377903,-0.009381306758446725,0.0,0.0,0.0,0.0
849,-0.002355158640552916,-0.011913399600462768,-0.02155278054346453,-0.01236985299521396,0.010269290782223073,0.0,0.0,0.0,0.0
850,-0.0017477576004264431,0.043212505462741864,-0.034548094488325534,-0.01537932674855392,-0.008764689985607645,0.0,0.0,0.0,0.0
851,-0.0011371312568092423,0.02352246834613754,0.028829562384005438,-0.01077027898931996,0.011875260680412284,0.0,0.0,0.0,0.0
852,-0.0005244064566261985,0.03506172176534276,0.09589843224311835,-0.015054778506569666,-0.008131898300801157,0.0,0.0,0.0,0.0
853,8.928608071612534e-05,-0.07255861523351924,0.012864351411578306,-0.00915071768530076,0.013459331817359893,0.0,0.0,0.0,0.0
854,0.0007028138499534523,-0.04247833078059969,0.11827656245916333,-0.014702463842308099,-0.0074841002398955605,0.0,0.0,0.0,0.0
855,0.001315044649883877,-0.1081232399109349,0.19944272860439138,-0.007514212368957649,0.015018566572075284,0.0,0.0,0.0,0.0
856,0.0019248486727263304,-0.02891700863250865,-0.010128273733522007,-0.014323046396346224,-0.006822492235036146,0.0,0.0,0.0,0.0
857,0.0025311005890627414,-0.08336967293867077,0.024810934849099985,-0.005864016163580462,0.016550073361042472,0.0,0.0,0.0,0.0
858,0.0031326816245153405,0.009382405681077996,-0.002484327520596883,-0.013917217239696439,-0.00614829345096341,0.0,0.0,0.0,0.0
859,0.0037284816243272354,0.011180369225847288,0.10516195779242996,-0.0042029880646004695,0.018051059926896252,0.0,0.0,0.0,0.0
860,0.004317401102037268,0.04428358555608353,0.16513229209882863,-0.013485724827500625,-0.005462748077260551,0.0,0.0,0.0,0.0
861,0.004898353268466753,-0.010679551679957874,0.047502498407995974,-0.0025342038664725023,0.019518741383871142,0.0,0.0,0.0,0.0
862,0.005470266037274826,-0.006891935250934402,-0.12798701691510522,-0.013029365911527195,-0.004767121685718208,0.0,0.0,0.0,0.0
863,0.006032084003381629,0.08109711470244535,0.03477325076321581,-0.0008607535836605311,0.020950404310003844,0.0,0.0,0.0,0.0
864,0.00658277039060806,-0.05247497248315727,0.012718938656659844,-0.012548982561110826,-0.004062697762858722,0.0,0.0,0.0,0.0
865,0.007121308964936907,0.012169649143778978,-0.03053067860926503,0.0008142730188752852,0.022343408861916925,0.0,0.0,0.0,0.0
866,0.007646705909866877,0.042183293680941494,0.01581283675792698,-0.01204546075408177,-0.00335077653705289,0.0,0.0,0.0,0.0
867,0.008157991660396508,0.0777063530547309,0.11905849338008095,0.002487790188195357,0.02369517977027049,0.0,0.0,0.0,0.0
868,0.008654222692254536,0.07853716331155408,-0.057365209909838955,-0.01151973573784376,-0.002632671671363903,0.0,0.0,0.0,0.0
869,0.009134483263075565,0.11303734692882608,-0.058320367354909024,0.004156687798976415,0.025003224291419872,0.0,0.0,0.0,0.0
870,0.009597887102306435,0.049621052830450284,0.07332867673153773,-0.010972766408819848,-0.0019097083395609952,0.0,0.0,0.0,0.0
871,0.01004357904672514,0.00528909578264627,0.13603839791344155,0.005817907066446439,0.02626512865922324,0.0,0.0,0.0,0.0
872,0.010470736618555914,0.05472766301529753,-0.08828896956970603,-0.010405563625099375,-0.001183220678728983,0.0,0.0,0.0,0.0
873,0.01087857154326488,0.12665311965296755,0.1337076394320278,0.0074683925893686744,0.027478564193105823,0.0,0.0,0.0,0.0
874,0.011266331204238672,-0.0768915141412729,-0.06038693383256841,-0.009819175491859997,-0.0004545493286556618,0.0,0.0,0.0,0.0
875,0.011633300031659294,0.050811728193818476,0.20191913371544903,0.009105111869345001,0.028641291738869885,0.0,0.0,0.0,0.0
876,0.011978800823013062,-0.046350690171182096,0.007982661766564689,-0.00921468165147042,0.00027496103087265914,0.0,0.0,0.0,0.0
877,0.012302195992797239,0.06434082279127719,0.13974669209684337,0.010725052966828727,0.029751165483652416,0.0,0.0,0.0,0.0
878,0.012602888749117068,-0.010513830259759563,0.0664889264527494,-0.008593201176796815,0.0010039641837823994,0.0,0.0,0.0,0.0
879,0.012880324195002579,-0.08668066919777169,-0.07398979678020992,0.012325186855724635,0.030806137425461767,0.0,0.0,0.0,0.0
880,0.01313399035241291,-0.012670528330665853,-0.08761778355831862,-0.007955879002208519,0.0017311148314306224,0.0,0.0,0.0,0.0
881,0.01336341910703824,0.027000140555667292,-0.03902135765031631,0.0139025170825282,0.03180426050962082,0.0,0.0,0.0,0.0
882,0.013568187072155413,-0.06703889932041639,0.12085959991035242,-0.007303889684396706,0.0024550711141139406,0.0,0.0,0.0,0.0
883,0.01374791636994403,-0.05003368060035872,0.058610259747746,0.015454234938425866,0.03274369301687301,0.0,0.0,0.0,0.0
884,0.013902275328820237,0.0036628362362704746,0.015565203979285326,-0.006638435136077089,0.0031744970412464846,0.0,0.0,0.0,0.0
885,0.014030979095501828,-0.09251301572106314,0.15432219788372706,0.016977452133407494,0.03362270103429996,0.0,0.0,0.0,0.0
886,0.014133790160675274,-0.04525336693382093,0.047371859449137105,-0.005960747902752753,0.0038880650098751567,0.0,0.0,0.0,0.0
887,0.014210518797294121,0.045254947916180815,-0.04853669752233191,0.018469261159880453,0.0344396627192713,0.0,0.0,0.0,0.0
888,0.014261023410700464,0.02178050071560851,0.05960350310741266,-0.005272074106453002,0.004594458197161834,0.0,0.0,0.0,0.0
889,0.014285210799923035,0.0629202625276063,0.1291945450574115,0.01992703114460187,0.03519307012743068,0.0,0.0,0.0,0.0
890,0.014283036329669796,0.024026596116388504,-0.047656145987963694,-0.0045736833966239275,0.005292373049839707,0.0,0.0,0.0,0.0
891,0.014254504012697728,0.024448299169332374,0.05100872051943543,0.021348050481328908,0.03588153321843485,0.0,0.0,0.0,0.0
892,0.014199666502407672,0.021580091503970614,-0.14496647549084404,-0.0038668650090749558,0.005980521634461133,0.0,0.0,0.0,0.0
893,0.014118624995678052,0.05411414501136585,0.19657211575646438,0.022729654819550665,0.036503781229726154,0.0,0.0,0.0,0.0
894,0.014011529046116572,0.031201479426385535,0.08724111234070953,-0.003152927537691134,0.006657634059885565,0.0,0.0,0.0,0.0
895,0.013878576288074707,-0.01290600990579862,0.04131232008679053,0.024069257622795007,0.03705866607654079,0.0,0.0,0.0,0.0
896,0.013720012071934384,-0.02823964013867083,0.04866143647629942,-0.0024331838382118847,0.007322460793229339,0.0,0.0,0.0,0.0
897,0.013536129011339304,-0.015598622115588608,-0.06411249805071528,0.02536448490525372,0.03754516368931941,0.0,0.0,0.0,0.0
898,0.01332726644320726,-0.01845108942223647,-0.07819624272010903,-0.001708963323027502,0.00797377497011211,0.0,0.0,0.0,0.0
899,0.01309380980151952,-0.015692984370075148,-0.007410915773791965,0.026612883703583046,0.037962376298984114,0.0,0.0,0.0,0.0
900,0.012836189906042548,-0.09634739864488141,0.042778891750127994,-0.0009815999340797685,0.008610374682897215,0.0,0.0,0.0,0.0
901,0.012554882167295596,0.015306020740449693,0.09779048473917637,0.02781220279471312,0.038309534171347304,0.0,0.0,0.0,0.0
902,0.012250405709230108,0.032569059261281605,-0.05966986932718734,-0.0002524353399647082,0.009231085149619489,0.0,0.0,0.0,0.0
903,0.011923322411240996,0.030507888279197884,-0.035497141209096965,0.028960187337366272,0.03858599649108461,0.0,0.0,0.0,0.0
904,0.011574235871277209,-0.008937628650679614,-0.04667026847635325,0.00047718025062717234,0.009834760943659296,0.0,0.0,0.0,0.0
905,0.011203790291964891,-0.05474910720592076,-0.13236358298241274,0.030054677700333318,0.03879125331424378,0.0,0.0,0.0,0.0
906,0.010812669291798744,0.05348093430269645,0.05129271245005853,0.0012059041164177598,0.010420287976193045,0.0,0.0,0.0,0.0
907,0.01040159464359617,-0.017132484442379043,0.03183982911514608,0.031093737671117252,0.03892492453716267,0.0,0.0,0.0,0.0
908,0.009971324942540735,-0.021026683054661297,0.14154140634730283,0.0019323915759443975,0.010986585740471004,0.0,0.0,0.0,0.0
909,0.009522654206274444,-0.04002914839033897,0.09989204940238518,0.032075412422974334,0.03898676442125819,0.0,0.0,0.0,0.0
910,0.009056410409621617,-0.020846350991770526,0.020975891389817723,0.0026553024560421012,0.011532609054192686,0.0,0.0,0.0,0.0
911,0.008573453956647686,0.06955318579482893,0.019425135933108878,0.032997901269218054,0.038976656872788215,0.0,0.0,0.0,0.0
912,0.008074676092873781,-0.054193569795310426,0.01245421668447487,0.003373303249677009,0.012057349276451313,0.0,0.0,0.0,0.0
913,0.007560997260577114,0.04731993005759805,0.08627816571443465,0.033859496904499534,0.038894601957935135,0.0,0.0,0.0,0.0
914,0.0070333654002102345,-0.0814842606192168,0.04243719600897774,0.004085068855730905,0.012559838827233794,0.0,0.0,0.0,0.0
915,0.0064927542010768165,-0.0015426124276636255,-0.028196868363104977,0.03465860841107156,0.03874079266473096,0.0,0.0,0.0,0.0
916,0.005940161304490296,-0.07688737366344135,0.08332559872384246,0.004789280720384743,0.013039145431650905,0.0,0.0,0.0,0.0
917,0.005376606462730747,0.013282406576473792,0.04321394216785739,0.03539374530071287,0.038515504437477484,0.0,0.0,0.0,0.0
918,0.004803129657199641,0.02003947767723822,0.03287241982629063,0.005484644798925305,0.013494389417968336,0.0,0.0,0.0,0.0
919,0.004220789179242516,0.0742535376432352,0.2263783172513727,0.03606355694303065,0.03821914169333017,0.0,0.0,0.0,0.0
920,0.003630659677183373,-0.0014806094045243133,-0.16520552571383962,0.006169884038458618,0.013924732403604713,0.0,0.0,0.0,0.0
921,0.003033830173174514,0.030407611692323748,0.10851384116571139,0.036666837024572005,0.03785225502041394,0.0,0.0,0.0,0.0
922,0.0024314020535191076,-0.012857576053538084,0.10985946890854206,0.006843725005666547,0.01432938014934878,0.0,0.0,0.0,0.0
923,0.0018244870361788707,0.04453501539565426,0.29880125581953815,0.03720240113637517,0.037415518463248525,0.0,0.0,0.0,0.0
924,0.0012142051192152834,-0.013488982353310182,-0.14185015331670403,0.007504928319924465,0.014707585650622539,0.0,0.0,0.0,0.0
925,0.0006016825139499365,0.012408048308131601,0.13504407422584092,0.03766934329172713,0.03690973302749488,0.0,0.0,0.0,0.0
926,-1.195043334013782e-05,0.05513839567669266,0.06633689802917092,0.008152274759560934,0.01505865070290182,0.0,0.0,0.0,0.0
927,-0.0006255613273577579,0.03048681365890072,-0.037842918761558875,0.0380667899925386,0.036335829948399595,0.0,0.0,0.0,0.0
928,-0.0012380178135030495,0.051399353160099644,0.11663230627536095,0.008784567085316893,0.015381927394113405,0.0,0.0,0.0,0.0
929,-0.0018481896675149878,0.0045201244189922996,0.018354829533117352,0.0383939374508205,0.03569486964347654,0.0,0.0,0.0,0.0
930,-0.0024549508811811207,0.04199388590165966,-0.016154673205899188,0.009400640000948613,0.01567681911671448,0.0,0.0,0.0,0.0
931,-0.0030571817402690327,0.016182854973039982,0.11924381357297374,0.03865026480933408,0.03498803610547124,0.0,0.0,0.0,0.0
932,-0.003653770890840412,-0.0386670185936521,0.09214890368471569,0.009999358167826936,0.015942781664177206,0.0,0.0,0.0,0.0
933,-0.0042436173901390754,0.05841047163294543,-0.008678585673460651,0.038835282243417875,0.03421663472250082,0.0,0.0,0.0,0.0
934,-0.004825632738265146,0.043710963194119275,0.1154438769705065,0.010579614621845602,0.01617932423100653,0.0,0.0,0.0,0.0
935,-0.005398742886887262,-0.0030227167818150658,0.07426648874521502,0.03894861576065767,0.0333820898743459,0.0,0.0,0.0,0.0
936,-0.005961890221286792,0.051569849359584696,0.1756428854256359,0.011140331583488528,0.01638601031444404,0.0,0.0,0.0,0.0
937,-0.006514035512074757,0.0035227428753326073,0.26804284811727497,0.03899007154560175,0.032485942309329816,0.0,0.0,0.0,0.0
938,-0.00705415983298013,-0.03359890714917377,0.009908407496442263,0.011680481112996176,0.01656245851619513,0.0,0.0,0.0,0.0
939,-0.007581266441172585,0.08276371842511539,0.23230122020727545,0.03895958030683273,0.03152984630661391,0.0,0.0,0.0,0.0
940,-0.008094382616646282,0.08251068770167043,0.032490755163975066,0.012199070093769611,0.01670834394192461,0.0,0.0,0.0,0.0
941,-0.008592561457272543,0.05016659207311982,-0.21808157537935433,0.038857179332738155,0.030515560228552455,0.0,0.0,0.0,0.0
942,-0.009074883626209014,0.0046426116357631,0.0035424728895611414,0.012695139791864282,0.016823398035165683,0.0,0.0,0.0,0.0
943,-0.009540459048439191,0.10350698777496886,0.23428336462947025,0.03868307257090912,0.029444950165580155,0.0,0.0,0.0,0.0
944,-0.009988428553312372,0.03112024995385521,0.25785438173527087,0.013167775449343971,0.016907406217993796,0.0,0.0,0.0,0.0
945,-0.01041796546005365,0.12181066851668218,0.14866224221822918,0.03843758660291863,0.02832000754258736,0.0,0.0,0.0,0.0
946,-0.010828277103315772,0.02992624941402985,0.022526094903893994,0.013616102889961797,0.0169602133535935,0.0,0.0,0.0,0.0
947,-0.01121860629596091,0.0303803805797413,0.0895106050224947,0.038121162541806315,0.027142801427358507,0.0,0.0,0.0,0.0
948,-0.011588232726369649,0.021560194326957625,0.11491622265182401,0.01403930011570568,0.016981722698938457,0.0,0.0,0.0,0.0
949,-0.011936474287700503,0.039710032840201276,0.0010631022732647752,0.037734402778086915,0.02591550772183065,0.0,0.0,0.0,0.0
950,-0.012262688336646966,0.012965469701528096,0.048770914403258106,0.014436584944464412,0.016971893092463847,0.0,0.0,0.0,0.0
951,-0.012566272879368205,0.08689880667802147,-0.20325003614275633,0.03727800201680881,0.024640378125506453,0.0,0.0,0.0,0.0
952,-0.012846667682405442,-0.04895960397689199,0.02841952950918502,0.014807223808903893,0.016930740943481196,0.0,0.0,0.0,0.0
953,-0.013103355306534427,0.03252303792004848,-0.14043479493573446,0.03675281897270391,0.02331977061236119,0.0,0.0,0.0,0.0
954,-0.013335862061645137,-0.015235391670959256,-0.03986452796127024,0.01515053149718054,0.016858343867214416,0.0,0.0,0.0,0.0
955,-0.013543758880887014,0.01129947296965413,0.004692870605073025,0.03615980260554125,0.02195612378199153,0.0,0.0,0.0,0.0
956,-0.013726662112467302,-0.047569326276869224,0.10140046451695905,0.015465872732919628,0.016754838167224,0.0,0.0,0.0,0.0
957,-0.013884234227639963,0.010084011662048808,0.27740001317239044,0.03550005370108747,0.02055197218524314,0.0,0.0,0.0,0.0
958,-0.014016184443579566,0.00422180167989843,0.002203860261689679,0.015752668225788028,0.016620414904569652,0.0,0.0,0.0,0.0
959,-0.014122269259990692,0.14059806152076781,0.025183389065349806,0.034774792645622575,0.01910992448770968,0.0,0.0,0.0,0.0
960,-0.01420229290846209,0.08954655755433272,-0.20265926498312462,0.01601038893255989,0.01645532251569381,0.0,0.0,0.0,0.0
961,-0.014256107713736768,0.08351016044253731,-0.03515973250614768,0.03398535399450676,0.017632639985492683,0.0,0.0,0.0,0.0
962,-0.014283614366231271,0.039312729130417154,-0.19463025720843624,0.01623855840926497,0.016259865474475485,0.0,0.0,0.0,0.0
963,-0.014284762105301033,0.04580248674569284,-0.04823729737956288,0.033133192703405714,0.016122829689296625,0.0,0.0,0.0,0.0
964,-0.014259548812913895,0.02580369636568894,0.04317102544728259,0.016436757523670294,0.016034403439907915,0.0,0.0,0.0,0.0
965,-0.014208021017558654,0.057711025725932744,-0.1401548973110183,0.03221989183904138,0.014583261893789645,0.0,0.0,0.0,0.0
966,-0.014130273808381668,0.038760443326802785,0.10094029727929885,0.016604619521444656,0.01577935128656158,0.0,0.0,0.0,0.0
967,-0.014026450659709746,0.07059254041405444,-0.17636108836819134,0.031247129762869173,0.013016760001199675,0.0,0.0,0.0,0.0
968,-0.013896743166283327,0.010821269969857824,-0.014422543622648302,0.01674183443009828,0.015495177812856769,0.0,0.0,0.0,0.0
969,-0.013741390689688542,0.01198828269242349,-0.011955409207401006,0.03021670228390919,0.011426201901717878,0.0,0.0,0.0,0.0
970,-0.013560679916640329,-0.0010372719696290118,-0.04826950333368615,0.016848155923689625,0.015182407231833048,0.0,0.0,0.0,0.0
971,-0.013354944329932322,0.023007114836926003,0.07925593661290074,0.029130492934920756,0.00981452080258843,0.0,0.0,0.0,0.0
972,-0.01312456359302924,0.04684684600982137,0.03273925703099398,0.016923376821509312,0.014841617614999558,0.0,0.0,0.0,0.0
973,-0.012869962849437668,-0.0012802672072361014,-0.06541270447561442,0.027990513153374332,0.008184716747395281,0.0,0.0,0.0,0.0
974,-0.012591611938148312,0.04103656284012383,0.06484562247377146,0.016967362561719036,0.014473441032640812,0.0,0.0,0.0,0.0
975,-0.012290024526597545,0.08594712515179655,0.025467711175794536,0.02679888947857555,0.006539854623392586,0.0,0.0,0.0,0.0
976,-0.011965757162747713,0.08311681335357918,-0.021412265668015826,0.01698003695692237,0.01407855894671407,0.0,0.0,0.0,0.0
977,-0.011619408248036311,0.03627536263136019,-0.18128681643853461,0.025557825118874094,0.004882971234604074,0.0,0.0,0.0,0.0
978,-0.011251616933089023,0.12661980599135633,-0.17922970557414478,0.016961370846551183,0.01365769735599325,0.0,0.0,0.0,0.0
979,-0.010863061938233762,0.0995719037521774,-0.17588952828311244,0.02426959615055286,0.003217035263692601,0.0,0.0,0.0,0.0
980,-0.010454460300994166,0.11310538330634061,0.11571058061856679,0.0169113999956947,0.013211631605927084,0.0,0.0,0.0,0.0
981,-0.010026566052871175,0.10861939487696415,-0.06004956828625878,0.022936572888764065,0.001545169662594394,0.0,0.0,0.0,0.0
982,-0.009580168827857349,0.07279637959673392,0.11422800601147642,0.01683021675640063,0.012741183529950767,0.0,0.0,0.0,0.0
983,-0.009116092405250248,0.028099990761867005,-0.013740002553001087,0.02156120816886984,-0.00012954611649699106,0.0,0.0,0.0,0.0
984,-0.008635193189453636,0.02543375067818799,0.09022717125694635,0.016717965578005024,0.012247222040915445,0.0,0.0,0.0,0.0
985,-0.008138358629573114,0.08405180164366348,0.003756935056305713,0.020146041800741452,-0.001804026738551411,0.0,0.0,0.0,0.0
986,-0.007626505581722048,-0.0017369680782915904,-0.005357701410554446,0.016574860211241698,0.011730662132689517,0.0,0.0,0.0,0.0
987,-0.007100578617059118,0.06346174518681255,-0.0015471264779230384,0.01869372665912187,-0.003475171502631915,0.0,0.0,0.0,0.0
988,-0.006561548278681824,0.020117464532815002,0.05025858707358126,0.016401165092227447,0.011192451938296018,0.0,0.0,0.0,0.0
989,-0.006010409290590661,-0.09258896206269229,-0.024024907321598475,0.01720693803151174,-0.005139910889057368,0.0,0.0,0.0,0.0
990,-0.005448178722030033,0.10552819735123815,-0.10231650653977457,0.016197201138574327,0.010633590221410203,0.0,0.0,0.0,0.0
991,-0.004875894110593723,-0.001642033263858575,-0.038579550680941786,0.015688412633615863,-0.0067951578099845885,0.0,0.0,0.0,0.0
992,-0.004294611547558287,-0.008399369851581955,0.04717627608716943,0.015963343023170755,0.01005510504488627,0.0,0.0,0.0,0.0
993,-0.0037054037289766108,0.05972347757937905,-0.15068871368537912,0.014140940866005881,-0.008437867203681278,0.0,0.0,0.0,0.0
994,-0.003109357976130531,0.07482803646525304,-0.06667592534275289,0.015700020326963,0.009458061933513354,0.0,0.0,0.0,0.0
995,-0.0025075742289925795,0.005897911663844598,-0.12343969207856641,0.012567370184747283,-0.01006500775800463,0.0,0.0,0.0,0.0
996,-0.00190116301640272,0.12890442579240305,-0.05913643750992004,0.015407721788511484,0.008843567553666148,0.0,0.0,0.0,0.0
997,-0.0012912434067034635,0.03960738442328016,-0.09373034405199288,0.010970604573125238,-0.011673571968879134,0.0,0.0,0.0,0.0
998,-0.000678940942616314,-0.06873697579001141,0.15046932818602207,0.01508698355429879,0.008212753335211603,0.0,0.0,0.0,0.0
999,-6.538556417082915e-05,-0.05739811291862246,-0.14050152069948907,0.009353572502398325,-0.013260594201728228,0.0,0.0,0.0,0.0
1000,0.000548290476480983,0.06784588244866144,0.003573127201351658,0.014738402174208997,0.00756678315730603,0.0,0.0,0.0,0.0
1001,0.001160954704517962,0.12560764724773027,-0.104599589041424,0.007719250107469352,-0.014823093426494434,0.0,0.0,0.0,0.0
1002,0.001771476512313092,-0.04311695369808349,-0.047258417454079785,0.014362615793256922,0.00690684887767251,0.0,0.0,0.0,0.0
1003,0.00237872924585109,-0.016897936221373092,-0.07560970967226352,0.006070631179451839,-0.016358283953536834,0.0,0.0,0.0,0.0
1004,0.002981592283851027,-0.04449212634923044,-0.004253339737107499,0.013960315983544538,0.006234167777202784,0.0,0.0,0.0,0.0
1005,0.0035789531057547562,0.04774163654905246,0.13994561437875747,0.004410742307691503,-0.017863303793415403,0.0,0.0,0.0,0.0
1006,0.004169709344767324,0.03479487888867928,-0.06048291685078741,0.013532242340143864,0.005549982457541267,0.0,0.0,0.0,0.0
1007,0.004752770822159553,0.034225002838049294,-0.050910204949595264,0.002742628344434567,-0.01933535190763373,0.0,0.0,0.0,0.0
1008,0.005327061559078438,-0.0556813989029951,-0.014644461309059172,0.013079201567153687,0.00485555517986121,0.0,0.0,0.0,0.0
1009,0.005891521762153085,0.13311744854322652,0.005994512739911355,0.0010696411242614276,-0.0207717196509817,0.0,0.0,0.0,0.0
1010,0.006445109779232963,0.053806141027127274,-0.07137267592350639,0.01260202282499037,0.004152167479340169,0.0,0.0,0.0,0.0
1011,0.0069868040216470514,0.0373844127206264,-0.06191747931906488,-0.0006052970598536412,-0.022169755382625615,0.0,0.0,0.0,0.0
1012,0.007515604849439397,0.06481040980702814,-0.008658483191875913,0.01210158555940968,0.0034411175276659834,0.0,0.0,0.0,0.0
1013,0.008030536416099264,-0.04045736069822177,0.08059572481157623,-0.00227911929942461,-0.023526877000100928,0.0,0.0,0.0,0.0
1014,0.008530648469383879,-0.06402860589815662,-0.13632145761190656,0.011578811521469716,0.0027237175123634183,0.0,0.0,0.0,0.0
1015,0.00901501810490952,-0.0403399924433174,-0.2760082549599078,-0.003948762172292317,-0.024840580641915685,0.0,0.0,0.0,0.0
1016,0.009482751469274667,0.019322338817268518,-0.0549953394535333,0.011034670720215878,0.002001291263716078,0.0,0.0,0.0,0.0
1017,0.00993298540957255,-0.12052128989080685,-0.05715901501423666,-0.005611101974473447,-0.026108442928486283,0.0,0.0,0.0,0.0
1018,0.010364889066249851,-0.06509694182883474,-0.053321429270667665,0.010470164898722451,0.0012751719517930746,0.0,0.0,0.0,0.0
1019,0.0107776654063707,-0.05685464801470167,-0.13293478741629297,-0.007263052019257399,-0.02732812443133574,0.0,0.0,0.0,0.0
1020,0.011170552694457287,-0.013217945665785689,0.0011962125490481965,0.009886332914885058,0.0005466995720365673,0.0,0.0,0.0,0.0
1021,0.011542825898193021,-0.09933956314231007,-0.15151999807082225,-0.008901608348157113,-0.028497373970895423,0.0,0.0,0.0,0.0
1022,0.011893798026393867,0.06943986648149472,0.14253122380023506,0.009284254346110916,-0.00018278158655676849,0.0,0.0,0.0,0.0
1023,0.012222821396778135,-0.03921136286877807,0.01247835158042319,-0.010523755358538845,-0.02961403463665423,0.0,0.0,0.0,0.0
1024,0.012529288831196745,-0.07261694621358014,-0.11066657384501029,0.008665043104031659,-0.0009119252955998061,0.0,0.0,0.0,0.0
1025,0.012812634776116417,-0.09728938349348407,0.04682925580694165,-0.012126457103805437,-0.03067604482939819,0.0,0.0,0.0,0.0
1026,0.013072336346289825,-0.07812668209359941,0.16248176923431162,0.008029836737826316,-0.0016393860533175917,0.0,0.0,0.0,0.0
1027,0.013307914289685347,0.10230971656799212,0.11408042298599774,-0.013706794192773417,-0.03168144594772366,0.0,0.0,0.0,0.0
1028,0.013518933871896363,0.09475915608639979,0.04373478729286026,0.00737981026354364,-0.002363821336922953,0.0,0.0,0.0,0.0
1029,0.013705005678398312,-0.05030676784625562,-0.01799275474043273,-0.01526184854095019,-0.03262838126298264,0.0,0.0,0.0,0.0
1030,0.013865786333172134,0.046239004869460365,-0.08691120394919637,0.00671616102823993,-0.0030838943561929504,0.0,0.0,0.0,0.0
1031,0.014000979132368847,-0.015059051468932522,-0.016861017407413206,-0.01678876256181539,-0.033515104934677825,0.0,0.0,0.0,0.0
1032,0.014110334591845438,-0.01649358531191155,-0.00022314714201215934,0.0060401143022773855,-0.0037982762054077344,0.0,0.0,0.0,0.0
1033,0.01419365090756164,0.05436151085558623,0.11067206435358751,-0.018284710349638442,-0.03433997887701227,0.0,0.0,0.0,0.0
1034,0.014250774327988124,-0.03440487400595174,-0.07392144135445572,0.005352919982519887,-0.004505648657566453,0.0,0.0,0.0,0.0
1035,0.014281599437838901,-0.05966469065615062,-0.05188260931966054,-0.019746892252048086,-0.03510148274009132,0.0,0.0,0.0,0.0
1036,0.014286069352604137,-0.012901056579996448,0.0002227778686715665,0.004655849516858778,-0.005204706249462327,0.0,0.0,0.0,0.0
1037,0.014264175823524563,0.04133065446789275,0.06697126472137667,-0.02117263387373644,-0.035798209483976814,0.0,0.0,0.0,0.0
1038,0.014215959252813708,-0.00960992533761116,0.04646005053883115,0.003950188799202346,-0.00589415901259735,0.0,0.0,0.0,0.0
1039,0.014141508619099848,0.06328797669840006,-0.027059243780094402,-0.022559306616746176,-0.03642887497021408,0.0,0.0,0.0,0.0
1040,0.014040961313225256,-0.00821273350959912,0.1814426278549808,0.0032372260531350486,-0.006572734597421785,0.0,0.0,0.0,0.0
1041,0.013914502884705785,0.014389681126407216,-0.14857895501199075,-0.023904347883185937,-0.03699231424982098,0.0,0.0,0.0,0.0
1042,0.013762366699318771,0.13368205250967136,-0.020602683207359217,0.0025182905148618887,-0.007239180769323885,0.0,0.0,0.0,0.0
1043,0.013584833508450826,0.008768153731725608,0.029690249741428906,-0.025205228960437965,-0.037487488127647545,0.0,0.0,0.0,0.0
1044,0.013382230931000612,0.021411209767333773,0.09005360714129254,0.001794705283382968,-0.007892267717129196,0.0,0.0,0.0,0.0
1045,0.01315493284879258,-0.028665339572866332,0.03987329880240125,-0.02645963872343741,-0.03791348302947397,0.0,0.0,0.0,0.0
1046,0.012903358716617207,0.08410189851800273,0.13884464267345045,0.001067807619407798,-0.008530790164172547,0.0,0.0,0.0,0.0
1047,0.012627972788170974,0.03873215223020961,-0.25530374175221876,-0.027665193723423284,-0.038269511994794995,0.0,0.0,0.0,0.0
1048,0.012329283259325145,-0.04508037036844412,-0.09748441758473635,0.00033893615067801116,-0.009153569905999874,0.0,0.0,0.0,0.0
1049,0.012007841330303222,0.0049254104055350585,-0.02606304594066293,-0.028819730731016357,-0.03855491956513514,0.0,0.0,0.0,0.0
1050,0.011664240188498824,-0.10877732893536048,-0.08893735678026082,-0.0003905615443028735,-0.00975945753591611,0.0,0.0,0.0,0.0
1051,0.011299113913810695,0.0023270625070984687,-0.10453408092296856,-0.029921063454912893,-0.03876917696527873,0.0,0.0,0.0,0.0
1052,0.010913136308514369,0.014272190111635476,-0.017762536161705016,-0.0011193403510078041,-0.010347334996871026,0.0,0.0,0.0,0.0
1053,0.010507019653830834,0.06311778078721748,0.06802382075606414,-0.03096718402276502,-0.03891188940761595,0.0,0.0,0.0,0.0
1054,0.010081513395486335,0.09946247256965153,-0.08554484707981332,-0.001846056672235805,-0.010916117482780565,0.0,0.0,0.0,0.0
1055,0.009637402760688618,0.04942409836904114,0.04589750085353892,-0.0319561812193463,-0.03898279520955245,0.0,0.0,0.0,0.0
1056,0.009175507309072562,0.013507066976061898,-0.02115609880199796,-0.0025693692234903163,-0.011464753591002274,0.0,0.0,0.0,0.0
1057,0.008696679420288532,-0.09973325433591565,0.009164556125753148,-0.03288621989991568,-0.03898176608348448,0.0,0.0,0.0,0.0
1058,0.008201802721025194,-0.02784721477983086,0.13452427435315892,-0.0032879412859179173,-0.011992232899295038,0.0,0.0,0.0,0.0
1059,0.007691790454369322,-0.1081628420705146,0.07152165805957322,-0.03375555688276156,-0.03890879941997722,0.0,0.0,0.0,0.0
1060,0.0071675837945109015,-0.07703977697953227,-0.11177540852785438,-0.004000446793750335,-0.012497581705461707,0.0,0.0,0.0,0.0
1061,0.006630150109905023,-0.0427865455113465,-0.1942197180092123,-0.03456256522372477,-0.03876402962726518,0.0,0.0,0.0,0.0
1062,0.006080481178094967,0.13488768688066394,0.03921414537487494,-0.0047055712798425514,-0.012979867537445731,0.0,0.0,0.0,0.0
1063,0.00551959135549051,-0.08253298203792822,-0.05981710123776518,-0.035305821087169266,-0.0385477247679158,0.0,0.0,0.0,0.0
1064,0.004948515705479192,-0.04485765109372032,0.036973582406183036,-0.005402008714451251,-0.013438200437512121,0.0,0.0,0.0,0.0
1065,0.004368308088325952,-0.12618558628400908,-0.0837668613528648,-0.035983911563745176,-0.03826028429364339,0.0,0.0,0.0,0.0
1066,0.0037800392163838035,-0.044186227751283204,-0.04483962713299837,-0.006088476130006939,-0.013871734513406966,0.0,0.0,0.0,0.0
1067,0.0031847946782066635,-0.13961754770404433,0.008663004423497059,-0.036595622283859874,-0.037902237741402056,0.0,0.0,0.0,0.0
1068,0.0025836729352097516,-0.0033243593310139687,0.021862824541360876,-0.0067637161416844276,-0.014279669734979768,0.0,0.0,0.0,0.0
1069,0.001977783294573569,0.03238934975469697,-0.18594305805175496,-0.037139783161928785,-0.03747424599264617,0.0,0.0,0.0,0.0
1070,0.0013682438621339425,-0.01205146169053602,-0.10828308107272028,-0.0074264774976034965,-0.014661254035282179,0.0,0.0,0.0,0.0
1071,0.000756179479035588,-0.021705580601712928,0.06809481693942473,-0.03761541412734612,-0.03697709049659667,0.0,0.0,0.0,0.0
1072,0.0001427196459543479,0.0022809478054570953,0.07050179666940505,-0.008075531728689002,-0.01501578093588217,0.0,0.0,0.0,0.0
1073,-0.00047100356127672676,-0.08090383948046702,0.007533668324059051,-0.03802165521662841,-0.036411713497027626,0.0,0.0,0.0,0.0
1074,-0.0010838575807954965,-0.03862784194130184,-0.04378836213580741,-0.008709686609428589,-0.015342599560222268,0.0,0.0,0.0,0.0
1075,-0.0016947114547346553,0.02125697063812893,-0.031075020766712792,-0.03835769055219761,-0.03577912481317847,0.0,0.0,0.0,0.0
1076,-0.0023024379162856516,-0.011802540860512422,-0.0017392401162207617,-0.009327772107419436,-0.015641105038967727,0.0,0.0,0.0,0.0
1077,-0.0029059154699520536,0.01096006328741795,-0.021246924245134413,-0.03862294946745066,-0.03508051350274494,0.0,0.0,0.0,0.0
1078,-0.0035040304611516524,-0.0593909740838605,-0.2092152243218261,-0.009928642775685021,-0.015910743357405777,0.0,0.0,0.0,0.0
1079,-0.004095679131349091,-0.08403836143737284,0.014664664329167701,-0.03881695962144491,-0.03431717568068041,0.0,0.0,0.0,0.0
1080,-0.004679769654926768,0.03197752635729855,0.01917611976066307,-0.010511190098924018,-0.016151018694333396,0.0,0.0,0.0,0.0
1081,-0.005255224154034885,-0.058475565504776894,-0.010775365923356216,-0.03893932366244518,-0.0334905127512739,0.0,0.0,0.0,0.0
1082,-0.005820980687701384,0.023325820512521113,-0.13468854832268293,-0.011074343342611967,-0.016361489526066027,0.0,0.0,0.0,0.0
1083,-0.00637599521153339,-0.041843154596390965,-0.11912175741353347,-0.038989784143853276,-0.03260204806228083,0.0,0.0,0.0,0.0
1084,-0.006919243504391441,-0.004026663491020006,-0.14677754146512043,-0.011617063686841704,-0.016541769323475737,0.0,0.0,0.0,0.0
1085,-0.0074497230584819885,-0.0009572248882004156,0.016206018841893703,-0.03896830375275127,-0.03165339550149827,0.0,0.0,0.0,0.0
1086,-0.007966454929381105,-0.059440870758500734,0.1475799194590642,-0.012138348020520074,-0.016691525066646472,0.0,0.0,0.0,0.0
1087,-0.008468485542573205,-0.030925505032252706,0.004019271765311316,-0.03887494613375461,-0.030646339793057257,0.0,0.0,0.0,0.0
1088,-0.008954888453173151,-0.028475483810770953,-0.1557713454451239,-0.012637225568896173,-0.016810477889767292,0.0,0.0,0.0,0.0
1089,-0.009424766055583442,-0.003436346236228703,-0.046918100548393966,-0.03870982196173226,-0.029582727918847203,0.0,0.0,0.0,0.0
1090,-0.009877251239930704,0.06415284064800386,-0.16081697032755354,-0.013112780846552699,-0.01689840852240353,0.0,0.0,0.0,0.0
1091,-0.010311508992226655,0.03568984402800293,-0.03245288577845013,-0.038473297018504896,-0.028464525146213573,0.0,0.0,0.0,0.0
1092,-0.01072673793529866,0.01997755343920294,0.03327875604678027,-0.013564140961524229,-0.016955154674044414,0.0,0.0,0.0,0.0
1093,-0.011122171807647126,-0.025358016811471415,-0.060943725298006464,-0.038165749235856104,-0.027293792410956065,0.0,0.0,0.0,0.0
1094,-0.011497080877501219,-0.014500760030499982,0.07531844722494889,-0.013990474795800399,-0.01698061849389633,0.0,0.0,0.0,0.0
1095,-0.011850773289462196,-0.09287427091381548,-0.12726918807323728,-0.037787775767005365,-0.02607270783543725,0.0,0.0,0.0,0.0
1096,-0.012182596341249656,-0.042306507157308375,-0.09736907885815692,-0.014390994185388499,-0.01697474461526377,0.0,0.0,0.0,0.0
1097,-0.012491937688195896,0.029813184158658523,-0.019710286025828756,-0.03734003730314189,-0.024803507102887427,0.0,0.0,0.0,0.0
1098,-0.012778226473263397,-0.022213016329247316,0.1403532044303053,-0.014764958638025322,-0.016937545887777735,0.0,0.0,0.0,0.0
1099,-0.013040934380501594,0.030781078039854436,0.08587849240431564,-0.036823427404969904,-0.02348853819580704,0.0,0.0,0.0,0.0
1100,-0.013279576609998877,-0.0479565467159552,0.10898801235516102,-0.01511167629751709,-0.016869090475450002,0.0,0.0,0.0,0.0
1101,-0.013493712772529871,0.03976259984068558,0.04949581865889663,-0.03623885783699788,-0.022130198603168505,0.0,0.0,0.0,0.0
1102,-0.013682947702247504,0.05191119002098943,0.0876236248016263,-0.015430509924663483,-0.016769497585723974,0.0,0.0,0.0,0.0
1103,-0.013846932185920407,-0.002952035130615191,0.011261345082620961,-0.03558745503663794,-0.02073097597711079,0.0,0.0,0.0,0.0
1104,-0.013985363607369105,-0.03782731406906345,-0.0927922397441349,-0.01572086768816608,-0.016638956536721358,0.0,0.0,0.0,0.0
1105,-0.014097986505912574,0.020744760376063508,0.03207863343228816,-0.034870340737782314,-0.01929348279688251,0.0,0.0,0.0,0.0
1106,-0.014184593047794196,-0.01623085828132121,0.18490779304901217,-0.01598221471488581,-0.016477708623399815,0.0,0.0,0.0,0.0
1107,-0.014245023409717054,-0.027393089950522538,-0.02014044142039008,-0.03408887396898451,-0.017820388402727427,0.0,0.0,0.0,0.0
1108,-0.014279166073781194,-0.034486266473578706,0.01726472414772693,-0.016214066705388674,-0.016286052402898897,0.0,0.0,0.0,0.0
1109,-0.014286958033278153,-0.01276665177862545,-0.015980553312795475,-0.03324452675104856,-0.01631442421675658,0.0,0.0,0.0,0.0
1110,-0.014268384908963254,-0.008431504320709058,-0.0696033702522072,-0.016415997297201758,-0.01606433970749759,0.0,0.0,0.0,0.0
1111,-0.014223480975591006,-0.07989943569923524,0.028507181485387015,-0.03233882639377681,-0.014778383633191507,0.0,0.0,0.0,0.0
1112,-0.014152329098664596,-0.0483844142540462,-0.1221307361091305,-0.01658763549574745,-0.015812987362970744,0.0,0.0,0.0,0.0
1113,-0.014055060581516392,-0.024527700429880395,-0.13386344846484588,-0.0313734443700654,-0.013215160112835012,0.0,0.0,0.0,0.0
1114,-0.013931854923001271,0.021263192424551994,-0.2681475273739338,-0.01672866666785271,-0.01553245681736088,0.0,0.0,0.0,0.0
1115,-0.013782939486250341,-0.08115896194534356,-0.11016689513499381,-0.030350134848901124,-0.011627560421281078,0.0,0.0,0.0,0.0
1116,-0.013608589079096197,-0.0014129591587311377,-0.09334898508669526,-0.016838829383453796,-0.015223261970488906,0.0,0.0,0.0,0.0
1117,-0.013409125446943684,-0.02026311352492748,-0.08138539894540169,-0.029270831761633295,-0.010018460642740146,0.0,0.0,0.0,0.0
1118,-0.013184916679022702,-0.028979599427617735,0.11246879223008277,-0.016917918220723045,-0.014885971707846196,0.0,0.0,0.0,0.0
1119,-0.012936376529117883,0.01326625445663171,-0.07040377349696378,-0.028137526170198913,-0.008390824154185798,0.0,0.0,0.0,0.0
1120,-0.012663963652029377,0.008952258227121288,-0.015495199245362063,-0.016965786356069327,-0.014521205471241331,0.0,0.0,0.0,0.0
1121,-0.01236818075717382,-0.032041178882160064,-0.11024484532296736,-0.02695227404854938,-0.006747624311632873,0.0,0.0,0.0,0.0
1122,-0.012049573680886255,-0.035594757548932,0.04896759221598293,-0.016982346488427752,-0.014129635425649129,0.0,0.0,0.0,0.0
1123,-0.01170873037913666,0.02701392129731067,-0.11245239072525472,-0.025717290892646853,-0.005091902345544001,0.0,0.0,0.0,0.0
1124,-0.011346279842518977,0.018598046281657347,-0.005440759298874963,-0.01696756822122252,-0.013711990394241452,0.0,0.0,0.0,0.0
1125,-0.010962890935514542,0.024022502058411534,0.028785533260055125,-0.024434849894874162,-0.0034268330081425255,0.0,0.0,0.0,0.0
1126,-0.010559271162172937,0.013914993199705319,-0.060929780968429666,-0.016921480405241794,-0.013269049663254638,0.0,0.0,0.0,0.0
1127,-0.010136165360487618,-0.017697280966292712,-0.15116018985174745,-0.023107330646013752,-0.0017555930451803676,0.0,0.0,0.0,0.0
1128,-0.009694354327875075,-0.1170719332763058,-0.10939715719873787,-0.016844167007219447,-0.012801621553636842,0.0,0.0,0.0,0.0
1129,-0.00923465338029511,-0.10421504752331913,-0.01941473341147253,-0.02173717799603782,-8.109039160447496e-05,0.0,0.0,0.0,0.0
1130,-0.008757910847671243,-0.024489950422211366,-0.029127371325303093,-0.01673577111180526,-0.012310569046424816,0.0,0.0,0.0,0.0
1131,-0.008265006508385738,-0.05000669215189658,0.07548090696374611,-0.020326921234375156,0.0015935770113430186,0.0,0.0,0.0,0.0
1132,-0.00775684996574173,0.01724423265368913,0.05263850188372106,-0.016596491757060315,-0.011796798160962425,0.0,0.0,0.0,0.0
1133,-0.007234378969385012,0.01356575617442744,-0.2819006627541884,-0.01887916019451887,0.003265311852501733,0.0,0.0,0.0,0.0
1134,-0.0066985576847855815,0.0859766738554863,-0.13255688099641677,-0.01642658496904689,-0.0112612598834836,0.0,0.0,0.0,0.0
1135,-0.0061503749139715696,-0.015266677595150067,-0.03535933963680643,-0.017396560590836666,0.004930988571090506,0.0,0.0,0.0,0.0
1136,-0.005590842270798202,-0.041871640268977495,-0.17945441071171658,-0.0162263648121389,-0.010704939411166509,0.0,0.0,0.0,0.0
1137,-0.0050209923141205995,0.041234960326062844,-0.02222746826543969,-0.015881855638374357,0.006587584737103046,0.0,0.0,0.0,0.0
1138,-0.004441876642315295,-0.03220953244882567,-0.044560502051791975,-0.015996198421292126,-0.010128865203374488,0.0,0.0,0.0,0.0
1139,-0.0038545639526644995,0.03316686621288724,0.0922099303098904,-0.014337825828414624,0.008232015302780529,0.0,0.0,0.0,0.0
1140,-0.0032601380691879185,-0.03456922315824239,-0.01251198733566443,-0.015736515201028787,-0.009534100966741663,0.0,0.0,0.0,0.0
1141,-0.002659695942559314,-0.061323048329884604,0.09158725048076673,-0.012767316440299674,0.009861248682441145,0.0,0.0,0.0,0.0
1142,-0.002054345625798402,-0.08785963252971739,-0.2921498905070914,-0.015447789574701885,-0.008921754950336704,0.0,0.0,0.0,0.0
1143,-0.001445204229475419,-0.03620267063065758,-0.13495193539036845,-0.011173204339197532,0.011472242307683556,0.0,0.0,0.0,0.0
1144,-0.0008333958602009385,-0.09992702230517062,-0.07791710571970979,-0.015130552752349393,-0.008292934391073228,0.0,0.0,0.0,0.0
1145,-0.00022004954620411952,-0.06707105160115066,-0.1709977790904567,-0.00955841991521687,0.01306210794271649,0.0,0.0,0.0,0.0
1146,0.0003937028461693575,0.025263670899555876,-0.3006674419327017,-0.014785388533389524,-0.007648813048417686,0.0,0.0,0.0,0.0
1147,0.001006728701199333,0.03651227215042023,0.12436300082391187,-0.00792593819496123,0.014627892939453093,0.0,0.0,0.0,0.0
1148,0.0016178967439140722,0.08636088174420871,0.009602611012687699,-0.014412935395385507,-0.006990583002015785,0.0,0.0,0.0,0.0
1149,0.0022260791277394732,0.04336056210468712,0.05057404448308088,-0.00627880832112381,0.01616664101063578,0.0,0.0,0.0,0.0
1150,0.0028301535158223256,0.02113786346484095,-0.1388552503040164,-0.014013886685787425,-0.006319442084264867,0.0,0.0,0.0,0.0
1151,0.003429005152185053,-0.04170417661748608,0.039620472300521944,-0.004620171530091609,0.017675595140261745,0.0,0.0,0.0,0.0
1152,0.00402152891889075,0.034631245719846146,-0.11776277390807528,-0.013588981615135925,-0.00563664906254193,0.0,0.0,0.0,0.0
1153,0.004606631375423113,0.05460658788606962,-0.0562132689904727,-0.0029531094352619885,0.01915190849991231,0.0,0.0,0.0,0.0
1154,0.005183232776516119,-0.043095384775279605,-0.05404030861970893,-0.013139002148124782,-0.004943451745450358,0.0,0.0,0.0,0.0
1155,0.0057502690647101016,-0.0071109886282593494,0.21161325937387976,-0.0012806225547355814,0.020592894790429677,0.0,0.0,0.0,0.0
1156,0.006306693833959417,0.025435464883941748,-0.04313353230689935,-0.012664779253799472,-0.00424112614978625,0.0,0.0,0.0,0.0
1157,0.00685148026066447,0.07671159053850149,0.06452191872831159,0.0003942063877103409,0.021995840974920494,0.0,0.0,0.0,0.0
1158,0.007383622998566895,-0.03385257637874192,-0.059027979143355495,-0.012167188744669249,-0.0035309735076110224,0.0,0.0,0.0,0.0
1159,0.007902140034011252,0.06537857551926321,-0.0036169661390485844,0.0020683518603038446,0.023358240000462115,0.0,0.0,0.0,0.0
1160,0.00840607449814804,0.006828881027239053,0.16801719028768444,-0.01164714794099728,-0.0028143054095717446,0.0,0.0,0.0,0.0
1161,0.008894496432734636,0.04519910550641617,0.0635893148471695,0.0037386446910950156,0.02467752248172408,0.0,0.0,0.0,0.0
1162,0.009366504506276433,0.0327262140235548,0.22495948192038506,-0.011105610375555165,-0.002092443716396278,0.0,0.0,0.0,0.0
1163,0.009821227677338699,-0.07694870765043504,0.11929249236523085,0.005402034683023742,0.025951272772608815,0.0,0.0,0.0,0.0
1164,0.010257826801963285,-0.04859222553611851,0.1377080411672122,-0.010543577463562803,-0.0013667209210854192,0.0,0.0,0.0,0.0
1165,0.010675496182220292,0.043599293419238114,0.08459356756249432,0.007055464113257464,0.027177131509174685,0.0,0.0,0.0,0.0
1166,0.011073465053039057,0.015579005436455119,0.18008953130849042,-0.009962088156422435,-0.0006384762334764136,0.0,0.0,0.0,0.0
1167,0.011450999004574724,0.004178105331493466,-0.0919412681032084,0.008695893331538019,0.02835283728449009,0.0,0.0,0.0,0.0
1168,0.011807401337484437,-0.08512613579221334,0.10830839733047583,-0.00936221361741742,9.094649927446696e-05,0.0,0.0,0.0,0.0
1169,0.012142014348612794,-0.05489059415797183,-0.17048364361678428,0.01032030107730288,0.029476221215618974,0.0,0.0,0.0,0.0
1170,0.012454220544714498,-0.03126882876856525,0.20925550711262733,-0.00874506299636674,0.0008202012708817294,0.0,0.0,0.0,0.0
1171,0.012743443781973039,-0.040898447186724515,-0.06310600693846734,0.011925655052825794,0.030545210941921086,0.0,0.0,0.0,0.0
1172,0.013009150329213908,0.08607993418341467,-0.12385358348824009,-0.008111773343412699,0.0015479423982179112,0.0,0.0,0.0,0.0
1173,0.013250849852849626,0.013650382955279532,-0.0019229387074808577,0.013509018391452523,0.03155783444494929,0.0,0.0,0.0,0.0
1174,0.01346809632173888,-0.029284760516915972,-0.08326859008825158,-0.007463516661284736,0.00227282700294649,0.0,0.0,0.0,0.0
1175,0.013660488830290163,-0.020533001352469927,-0.14468578270405652,0.015067435121308894,0.03251222368330341,0.0,0.0,0.0,0.0
1176,0.013827672338291255,-0.09083811339438193,0.14369153854532069,-0.006801485681531427,0.0029935179441562296,0.0,0.0,0.0,0.0
1177,0.013969338326098585,-0.031620869014400775,0.11751898844680372,0.016598051168457334,0.03340662660214575,0.0,0.0,0.0,0.0
1178,0.014085225363977858,-0.03385310437238626,0.12832243057171105,-0.006126903497786313,0.0037086865697488194,0.0,0.0,0.0,0.0
1179,0.014175119594545404,-0.05752077241752643,0.08741469208901831,0.018098037339517287,0.03423937956645666,0.0,0.0,0.0,0.0
1180,0.014238855127419344,0.02192582427499415,-0.0315679270615196,-0.005441015032126724,0.004417007659402325,0.0,0.0,0.0,0.0
1181,0.014276314345353125,-0.029811555713728705,0.17384971023732482,0.019564624756377658,0.03500889718852959,0.0,0.0,0.0,0.0
1182,0.014287428121285684,0.009747326956178517,-0.014436111083858425,-0.004745086002214989,0.005117177836077076,0.0,0.0,0.0,0.0
1183,0.014272175945908232,0.01865893304882408,-0.12542614384430906,0.02099510765303155,0.03571384611777111,0.0,0.0,0.0,0.0
1184,0.014230585965512039,-0.024286614658960124,-0.05504016254638912,-0.004040400738865611,0.0058079065768436204,0.0,0.0,0.0,0.0
1185,0.014162734930047384,-0.000470269853106383,0.00034711586250776166,0.022386845555627553,0.03635291596092676,0.0,0.0,0.0,0.0
1186,0.014068748051489617,0.08663345354470449,0.06271702939005849,-0.0033282616977920146,0.006487916364708617,0.0,0.0,0.0,0.0
1187,0.013948798772773488,0.025278273634657324,0.020993003269486474,0.02373726998048888,0.03692485506103664,0.0,0.0,0.0,0.0
1188,0.013803108447722487,-0.11653440975268645,-0.03788744045263245,-0.0026099805047714755,0.00715595343656475,0.0,0.0,0.0,0.0
1189,0.013631945932563535,0.02779475844145095,0.021804297185741887,0.025043891994541507,0.03742868650748671,0.0,0.0,0.0,0.0
1190,0.013435627089780914,0.01673950319763415,-0.03512672856044137,-0.0018868810945997592,0.007810784664511235,0.0,0.0,0.0,0.0
1191,0.013214514205225208,0.04591488098074363,-0.005487943458117837,0.026304299849073058,0.03786343631010624,0.0,0.0,0.0,0.0
1192,0.012969015319552841,-0.009037633045185435,0.10570968542877299,-0.001160299807962214,0.008451201393530313,0.0,0.0,0.0,0.0
1193,0.012699583475229552,-0.029690371447354147,0.2735533028315527,0.02751616580137306,0.038228306650598336,0.0,0.0,0.0,0.0
1194,0.012406715880488327,-0.002029805159771698,-0.07652909219293555,-0.0004315775710964679,0.009076023936050911,0.0,0.0,0.0,0.0
1195,0.012090952991783347,-0.013126194311842438,-0.05557434727365689,0.02867725273335146,0.038522657009758245,0.0,0.0,0.0,0.0
1196,0.01175287751643458,0.018896122226402592,-0.0217405874402231,0.00029794086792512344,0.009684099338193648,0.0,0.0,0.0,0.0
1197,0.011393113337302354,0.04726177201807592,-0.12306113396966512,0.029785417864565712,0.03874593640021007,0.0,0.0,0.0,0.0
1198,0.011012324361476792,-0.03267700937044007,-0.06935702152019692,0.0010269093888688717,0.010274298959620759,0.0,0.0,0.0,0.0
1199,0.010611213295106945,0.03491470437900718,-0.05888466360900324,0.03083861880530227,0.03889770595297119,0.0,0.0,0.0,0.0
1200,0.010190520346630469,0.05860187931419268,0.010172478586362044,0.001753979123718536,0.010845536714457225,0.0,0.0,0.0,0.0
1201,0.009751021860796108,0.02459682838185878,0.06189176924368049,0.03183484802499351,0.03897764991929565,0.0,0.0,0.0,0.0
1202,0.009293528886001021,0.059400935272693786,-0.03173549387940065,0.002477811392599864,0.011396765527738814,0.0,0.0,0.0,0.0
1203,0.008818885677586107,0.056429266940987495,0.10143162590663424,0.03277235393620929,0.03898567772908033,0.0,0.0,0.0,0.0
1204,0.00832796813985112,0.056698931991048744,0.06304432301084345,0.0031970689188605705,0.01192695525226251,0.0,0.0,0.0,0.0
1205,0.007821682209664824,0.12172148581138728,-0.08614077115188931,0.033649430048453804,0.03892177439718315,0.0,0.0,0.0,0.0
1206,0.0073009621846540015,-0.10932763749886473,-0.20982161398246915,0.003910427798848414,0.01243513802651364,0.0,0.0,0.0,0.0
1207,0.006766768999054535,0.02457942137280637,0.06817079681571428,0.034464352176626654,0.038786056144570036,0.0,0.0,0.0,0.0
1208,0.006220088450408206,-0.05712714636865995,-0.009491490686494028,0.004616570903994971,0.01292037909762409,0.0,0.0,0.0,0.0
1209,0.005661929380376926,0.027480791529039678,0.15290120703900945,0.03521568286115607,0.038578724237100945,0.0,0.0,0.0,0.0
1210,0.005093321813030536,-0.017610204307895116,-0.01864374062174515,0.005314193649941748,0.013381774470529888,0.0,0.0,0.0,0.0
1211,0.004515315054046069,0.07230188849810958,-0.014008537535087767,0.035902041945230605,0.03830019422406206,0.0,0.0,0.0,0.0
1212,0.00392897575432333,0.05223144777344727,-0.1129100448177308,0.006002006608175692,0.013818475878066132,0.0,0.0,0.0,0.0
1213,0.003335385941593118,0.004838939539983544,0.0888603079045884,0.03652214989514591,0.03795100854477481,0.0,0.0,0.0,0.0
1214,0.0027356410236481533,0.06627387978042888,0.021610338512332298,0.006678747798068303,0.014229676876440663,0.0,0.0,0.0,0.0
1215,0.0021308477668825925,0.06992718354585502,0.244465078821254,0.03707487798678585,0.03753178916151985,0.0,0.0,0.0,0.0
1216,0.0015221222538708277,0.041872417828197374,-0.1336029689007528,0.0073431625078589,0.014614610616216854,0.0,0.0,0.0,0.0
1217,0.0009105878237543664,0.04474875414825818,0.09669038974235161,0.03755917441923491,0.03704333798651794,0.0,0.0,0.0,0.0
1218,0.0002973729992365626,0.047756528215659844,0.26278134048039414,0.007994026308592795,0.014972576668266797,0.0,0.0,0.0,0.0
1219,-0.00031639059598746456,-0.00922155386534311,0.026153875895959185,0.03797416558727276,0.036486501223490175,0.0,0.0,0.0,0.0
1220,-0.0009295703255235641,0.07606945176250451,0.05000381428378106,0.008630139035144733,0.01530291279006408,0.0,0.0,0.0,0.0
1221,-0.0015410346304405244,0.009486034980614746,-0.036918640350087004,0.038319098157034596,0.03586234015507267,0.0,0.0,0.0,0.0
1222,-0.0021496551174438,0.05976070561190548,0.173491225493883,0.009250327491477858,0.01560500988946725,0.0,0.0,0.0,0.0
1223,-0.002754308641206376,0.028023428691944366,0.17073174382830003,0.038593340822712686,0.03517200273033793,0.0,0.0,0.0,0.0
1224,-0.0033538793770165718,-0.006214882190924587,0.10928031360437405,0.009853442675642747,0.015878310856634204,0.0,0.0,0.0,0.0
1225,-0.0039472608799148105,-0.03251350165264586,-0.052177647867420344,0.03879628975708085,0.03441675967500552,0.0,0.0,0.0,0.0
1226,-0.004533358126522536,0.02103517265325345,0.01967701031548162,0.010438374091719358,0.016122310772638336,0.0,0.0,0.0,0.0
1227,-0.005111089535792798,0.052865479013271585,0.04655688269877095,0.038927678405664634,0.03359799865536669,0.0,0.0,0.0,0.0
1228,-0.005679388964954543,0.08486757808857139,-0.04655391106120226,0.011004043632541852,0.016336559273836086,0.0,0.0,0.0,0.0
1229,-0.006237207676967562,-0.028751872792162986,0.0443737414496442,0.03898724692867245,0.032717234941142,0.0,0.0,0.0,0.0
1230,-0.006783516275857068,0.09716894954439753,-0.13979606726559907,0.011549405753585526,0.016520661203652275,0.0,0.0,0.0,0.0
1231,-0.007317306606355445,0.02281850239839101,0.07274832241503512,0.0389748631707036,0.031776096543695245,0.0,0.0,0.0,0.0
1232,-0.007837593614347785,-0.06589829117933968,0.10957415253881267,0.012073447735511002,0.01667427994867504,0.0,0.0,0.0,0.0
1233,-0.008343417164685736,-0.03964437755992361,-0.06048459361055068,0.03889054592258565,0.03077629285075102,0.0,0.0,0.0,0.0
1234,-0.008833843813016062,0.044937842300899894,0.06939518480856222,0.012575205892921366,0.016797126838380253,0.0,0.0,0.0,0.0
1235,-0.009307968528354879,0.08229505285386593,-0.05532285364962793,0.03873449729615601,0.029719695037933515,0.0,0.0,0.0,0.0
1236,-0.009764916363227225,0.08159731691385172,-0.09004570238447199,0.013053764174424137,0.01688897703677925,0.0,0.0,0.0,0.0
1237,-0.010203844068290788,0.03404390423297394,-0.060777910886068515,0.03850692959198186,0.028608266183818256,0.0,0.0,0.0,0.0
1238,-0.010623941648464431,0.02974205986216283,0.08819704281366654,0.013508238981335095,0.016949660636522316,0.0,0.0,0.0,0.0
1239,-0.011024433857689087,0.09482052072717914,-0.02618578899340863,0.038208303317275025,0.027444049626753068,0.0,0.0,0.0,0.0
1240,-0.011404581629563313,0.017229336363636348,-0.01847638584371032,0.013937785173165336,0.016979064945945855,0.0,0.0,0.0,0.0
1241,-0.011763683441212744,0.04097937260907071,0.27664238851986817,0.03783917060589775,0.02622917684165844,0.0,0.0,0.0,0.0
1242,-0.012101076607876854,0.02338285988869051,-0.1544811364296828,0.014341610926340653,0.016977135708537934,0.0,0.0,0.0,0.0
1243,-0.012416138505824617,0.06285272207857849,0.007180276859442305,0.03740021682056915,0.024965898563888526,0.0,0.0,0.0,0.0
1244,-0.012708287721341135,0.08299142057644084,-0.12259285515433585,0.014718968553917295,0.01694387596058786,0.0,0.0,0.0,0.0
1245,-0.01297698512366565,0.0594736094505894,-0.015222149768721611,0.036892208998370986,0.023656539892009033,0.0,0.0,0.0,0.0
1246,-0.01322173485990097,-0.00131768227287332,0.02846678657034076,0.015069165332531843,0.016879350311430695,0.0,0.0,0.0,0.0
1247,-0.013442085270058133,0.006662261672973718,-0.057238997955401806,0.03631615163710891,0.022303552412485085,0.0,0.0,0.0,0.0
1248,-0.01363762972054731,0.02031050354746562,0.22347023918191244,0.015391552593353938,0.016783678011809036,0.0,0.0,0.0,0.0
1249,-0.013808007354577743,-0.006106350462472189,-0.012336997215427074,0.035673065848686826,0.02090938328463786,0.0,0.0,0.0,0.0
1250,-0.013952903758081016,-0.02027750677785213,-0.10895016568426433,0.01568553600758766,0.016657025651466158,0.0,0.0,0.0,0.0
1251,-0.014072051539929206,0.02899927647619339,-0.16014291996917004,0.03496414922916765,0.01947658204307431,0.0,0.0,0.0,0.0
1252,-0.014165230825377339,-0.03568990706017376,-0.07277618258613945,0.01595057423658431,0.016499633232179383,0.0,0.0,0.0,0.0
1253,-0.014232269661819098,0.09397660088200113,-0.02473446552299378,0.03419072425391953,0.018007834473416615,0.0,0.0,0.0,0.0
1254,-0.014273044336107297,0.05026456070019749,-0.07485633187718713,0.016186178487618483,0.016311792278124265,0.0,0.0,0.0,0.0
1255,-0.014287479602853651,0.03802105295883294,-0.09597369543289548,0.03335421362677151,0.016505848226892064,0.0,0.0,0.0,0.0
1256,-0.014275548823286152,-0.014587883704602983,0.09319583999408157,0.016391911935906795,0.0160938438240543,0.0,0.0,0.0,0.0
1257,-0.01423727401440818,-0.018884425485222248,0.09708652135742216,0.0324561392252143,0.01497338930295853,0.0,0.0,0.0,0.0
1258,-0.014172725808368404,0.02061850116597369,-0.15231420719789124,0.016567395373068394,0.015846194402860503,0.0,0.0,0.0,0.0
1259,-0.014082023322116591,0.06311179689826805,0.06354484414703337,0.03149816381039202,0.013413305311685022,0.0,0.0,0.0,0.0
1260,-0.01396533393758571,-0.05020806484912011,0.08080249257613092,0.016712306287013264,0.015569303213473102,0.0,0.0,0.0,0.0
1261,-0.013822872992806129,0.086866141959612,0.09632103770783243,0.030482073043922156,0.01182851823702646,0.0,0.0,0.0,0.0
1262,-0.013654903384521884,0.10820185731064792,-0.01824344268683915,0.01682637579716184,0.015263683369024856,0.0,0.0,0.0,0.0
1263,-0.0134617350830423,0.027566581837062638,-0.15095385273654027,0.029409723764246005,0.010221962139761332,0.0,0.0,0.0,0.0
1264,-0.013243724560224117,0.05265911639566358,-0.043841281495271826,0.016909393907585484,0.014929899472541308,0.0,0.0,0.0,0.0
1265,-0.013001274131640298,-0.01735254438872058,0.013668923991696731,0.028283091251064367,0.008596564731597455,0.0,0.0,0.0,0.0
1266,-0.012734831214148541,0.006233709823239578,-0.17709116512141887,0.01696120831851374,0.014568562908757151,0.0,0.0,0.0,0.0
1267,-0.012444887500230458,0.11361314586251138,-0.10411607183947168,0.027104279403827165,0.00695526208568621,0.0,0.0,0.0,0.0
1268,-0.012131978050624779,0.020201317098046387,-0.12837607763453063,0.016981722980609876,0.014180340881507226,0.0,0.0,0.0,0.0
1269,-0.011796680306928554,-0.04739428295036997,0.14947138058775308,0.025875447500659635,0.005301102041715467,0.0,0.0,0.0,0.0
1270,-0.011439613025989268,-0.0034234788381556046,0.03518587399250108,0.01697089771025755,0.013765955571742521,0.0,0.0,0.0,0.0
1271,-0.011061435138054338,-0.0006626089684333009,0.05761255561867287,0.02459885713684466,0.003637243305949161,0.0,0.0,0.0,0.0
1272,-0.010662844530783644,0.0025930664978301467,0.028486149219585012,0.016928753121642874,0.01332617072853395,0.0,0.0,0.0,0.0
1273,-0.010244576761371707,0.03148853108581398,0.04503313846392829,0.02327686984508556,0.0019667108188814197,0.0,0.0,0.0,0.0
1274,-0.009807403699153462,0.1534645750944067,-0.12036457570634072,0.01685536723699386,0.012861796081030758,0.0,0.0,0.0,0.0
1275,-0.009352132101200481,0.10536390891514832,0.10219292701939581,0.021911912266500886,0.00029254391966433084,0.0,0.0,0.0,0.0
1276,-0.008879602123535576,0.022421911909993264,0.18162404730895212,0.016750874892117393,0.012373685724819202,0.0,0.0,0.0,0.0
1277,-0.00839068577071246,0.0019382415346548172,-0.0043557380505134255,0.02050649287493276,-0.0013822066219644252,0.0,0.0,0.0,0.0
1278,-0.007886285286622847,0.051950509207034055,0.07989941896923115,0.016615468169876968,0.011862736459024146,0.0,0.0,0.0,0.0
1279,-0.0073673314895005134,-0.06029362166588767,0.1020447803107324,0.019063210030857283,-0.003054494882606981,0.0,0.0,0.0,0.0
1280,-0.006834782054192783,0.03962319392691993,0.12322548124042475,0.016449399251407325,0.011329886249313447,0.0,0.0,0.0,0.0
1281,-0.006289619744872536,0.027519255345836775,0.02125292824835965,0.017584769785980475,-0.004721282208172821,0.0,0.0,0.0,0.0
1282,-0.005732850601450115,0.031457411166290805,0.008800840901651927,0.016252976562343622,0.010776135293201133,0.0,0.0,0.0,0.0
1283,-0.00516550208303156,0.020300799519671512,-0.097571141833037,0.016073921958734007,-0.006379186262368858,0.0,0.0,0.0,0.0
1284,-0.004588621171850768,0.025987181448386423,0.08651571902527302,0.016026564988797374,0.01020249683184075,0.0,0.0,0.0,0.0
1285,-0.004003272441173792,-0.007967801759362072,-0.16995847648582793,0.01453347694098872,-0.008025344581668833,0.0,0.0,0.0,0.0
1286,-0.0034105360907397777,0.06007852584445727,0.07578562603801325,0.01577057766718703,0.00961003096463351,0.0,0.0,0.0,0.0
1287,-0.002811505953366214,0.07036991585565702,-0.08575136458496604,0.012966184313217194,-0.009656685123122597,0.0,0.0,0.0,0.0
1288,-0.0022072874763948177,0.0311351025447017,-0.05390943818062531,0.01548548296789547,0.008999834175861868,0.0,0.0,0.0,0.0
1289,-0.0015989956817040094,0.03329883728745164,-0.15425860955616755,0.01137487999615261,-0.01127014604980577,0.0,0.0,0.0,0.0
1290,-0.0009877531080535876,0.11812346756005601,0.06285037538027186,0.015171809614896207,0.008373025411074193,0.0,0.0,0.0,0.0
1291,-0.0003746877395563834,0.022817914793689366,-0.1583715079986072,0.009762573770050492,-0.012862890897166654,0.0,0.0,0.0,0.0
1292,0.00023906907589790708,0.06359164283767793,0.06947760788393995,0.01483014614802697,0.007730768067659168,0.0,0.0,0.0,0.0
1293,0.000852384714426386,-0.06342280941052933,0.05714957785050501,0.008132397366285836,-0.014431885553376293,0.0,0.0,0.0,0.0
1294,0.0014641273662922422,0.03970294783763843,0.039043748606270086,0.014461117816256825,0.007074243664731208,0.0,0.0,0.0,0.0
1295,0.0020731681245408046,0.09194658734167414,-0.04289671306852047,0.006487220187640063,-0.01597424189249517,0.0,0.0,0.0,0.0
1296,0.0026783830682783182,0.029965808042416137,0.13791539627669608,0.014065404008801656,0.006404664655742375,0.0,0.0,0.0,0.0
1297,0.0032786553367513756,-0.012866974071804895,0.020783567348237254,0.004830056374642992,-0.01748706140607497,0.0,0.0,0.0,0.0
1298,0.003872877190395685,-0.03078374971649482,0.011072557035520153,0.01364373495965483,0.005723265429908215,0.0,0.0,0.0,0.0
1299,0.00445995205505316,-0.03425121669558581,-0.08330861353014636,0.00316397345419719,-0.018967659186863828,0.0,0.0,0.0,0.0
1300,0.00503879654558529,0.06263694065188331,0.04454848636482655,0.013196888510784462,0.0050313029541491855,0.0,0.0,0.0,0.0
1301,0.005608342465146108,0.0026585301254596957,-0.10787325414414874,0.0014920406975306374,-0.020413277058240118,0.0,0.0,0.0,0.0
1302,0.00616753877642819,0.007265279799487629,0.08480177656614317,0.012725688623272976,0.004330054632631288,0.0,0.0,0.0,0.0
1303,0.006715353541241662,-0.022836669684808398,-0.25704375814657354,-0.00018265973050244234,-0.021821210214835268,0.0,0.0,0.0,0.0
1304,0.007250775824847358,-0.051021491952082526,0.05608325729184596,0.012231004013408391,0.0036208193756521903,0.0,0.0,0.0,0.0
1305,0.007772817561532024,-0.06104508223036569,0.06856921572446874,-0.001857041151173869,-0.02318881945335942,0.0,0.0,0.0,0.0
1306,0.0082805153779794,0.09150388471660398,-0.14720201110585673,0.0117137478510449,0.002904901495199963,0.0,0.0,0.0,0.0
1307,0.008772932371074562,0.04643133387408081,-0.10770600454044583,-0.0035280127980130667,-0.02451368173556615,0.0,0.0,0.0,0.0
1308,0.009249159836860948,0.013971884785968598,-0.004887368518907467,0.011174873234683627,0.002183623027543481,0.0,0.0,0.0,0.0
1309,0.009708318947458007,-0.04671883053930545,-0.05609947741920092,-0.005192497123537515,-0.025793299908301575,0.0,0.0,0.0,0.0
1310,0.01014956237284574,0.003778669474759456,-0.07588669500904999,0.01061537499369444,0.001458314780426692,0.0,0.0,0.0,0.0
1311,0.010572075844523915,-0.017333507668192007,-0.11282096771075148,-0.006847421876672316,-0.02702532411977835,0.0,0.0,0.0,0.0
1312,0.010975079658159064,-0.052032409798958054,-0.043022622028064686,0.010036283957193899,0.0007303154740842987,0.0,0.0,0.0,0.0
1313,0.011357830112446681,0.017558565906089618,0.12041133472910981,-0.008489739142037035,-0.028207474601477635,0.0,0.0,0.0,0.0
1314,0.011719620881534835,0.13452268930280434,-0.05204157175902039,0.009438669094098675,9.685486839707436e-07,0.0,0.0,0.0,0.0
1315,0.012059784318474024,-0.095562186894934,-0.0648093598876222,-0.010116417773794935,-0.029337570303782763,0.0,0.0,0.0,0.0
1316,0.012377692687289565,0.09207470554850973,-0.043459426935498,0.008823631486619913,-0.0007283800790684629,0.0,0.0,0.0,0.0
1317,0.012672759321402943,0.05720241570930533,-0.03636822088118148,-0.011724461596786142,-0.030413526219320707,0.0,0.0,0.0,0.0
1318,0.01294443970626307,-0.0059312044268306375,0.04068821101364641,0.008192306347186328,-0.001456384498554164,0.0,0.0,0.0,0.0
1319,0.013192232484191184,0.010289558386803422,0.03469947114692083,-0.01331090281634194,-0.03143335722833841,0.0,0.0,0.0,0.0
1320,0.013415680379583768,-0.0830239176901977,-0.06071178267026749,0.007545856902301988,-0.0021817012879892027,0.0,0.0,0.0,0.0
1321,0.01361437104276653,0.02718211005734563,-0.010766666262027363,-0.01487281916617996,-0.03239518175951387,0.0,0.0,0.0,0.0
1322,0.013787937810942941,0.10379842441881361,0.1143181967925602,0.00688547777597211,-0.0029029919925467117,0.0,0.0,0.0,0.0
1323,0.01393606038483173,-0.017225139183557798,0.12368789913591242,-0.016407307438762984,-0.03329722525977934,0.0,0.0,0.0,0.0
1324,0.014058465419745623,0.032899014755047286,0.011842430509589157,0.006212390573624458,-0.0036189255932929177,0.0,0.0,0.0,0.0
1325,0.014154927030020466,-0.09675600076057866,0.06490500963521043,-0.01791147548010507,-0.03413782346676922,0.0,0.0,0.0,0.0
1326,0.014225267205863444,-0.11295371087808873,0.11915135239190965,0.005527844740358357,-0.00432818096237724,0.0,0.0,0.0,0.0
1327,0.014269356141851501,0.001195751992191147,0.002882781933016415,-0.01938246100692748,-0.034915425477846915,0.0,0.0,0.0,0.0
1328,0.014287112476473697,-0.005682268759341418,-0.011139441812799352,0.004833106255861913,-0.005029449299958404,0.0,0.0,0.0,0.0
1329,0.014278503442275298,-0.03884563227655917,-0.001508398367990292,-0.020817546534879196,-0.035628596610061104,0.0,0.0,0.0,0.0
1330,0.014243544926326717,0.010177617167402134,0.05411430878497268,0.004129445804967642,-0.005721436548366145,0.0,0.0,0.0,0.0
1331,0.014182301440905563,0.09638383134705157,0.012964776825237778,-0.022214296500607297,-0.03627602104574869,0.0,0.0,0.0,0.0
1332,0.014094886004446028,-0.17637206912179215,-0.07945436681103704,0.0034181665813815894,-0.006402865779054237,0.0,0.0,0.0,0.0
1333,0.013981459932975166,-0.008281810169418893,0.06265234610977664,-0.023570009415963575,-0.03685650425891318,0.0,0.0,0.0,0.0
1334,0.013842232542421071,-0.09323559608660156,0.14714019954448102,0.002700580443169483,-0.007072479820009797,0.0,0.0,0.0,0.0
1335,0.013677460762342369,-0.04525331658992604,0.276129411247978,-0.02488225534401507,-0.03736898035292628,0.0,0.0,0.0,0.0
1336,0.013487448661791489,-0.02071096423246325,-0.06446659866742252,0.001978010702747037,-0.007729043141374937,0.0,0.0,0.0,0.0
1337,0.013272546888187112,-0.09287579410649446,-0.0994196251848243,-0.02614858884339761,-0.037812474834023876,0.0,0.0,0.0,0.0
1338,0.013033152020231387,-0.05974969227141704,0.06400630723518072,0.0012517919558847164,-0.008371342466528623,0.0,0.0,0.0,0.0
1339,0.012769705836065055,0.022759301909533836,-0.0397128751365273,-0.027366663224687292,-0.03818620722824595,0.0,0.0,0.0,0.0
1340,0.012482694498012425,0.05975578058340813,-0.14722892889380218,0.0005232629079003539,-0.008998189112978254,0.0,0.0,0.0,0.0
1341,0.012172647655419876,0.008299851785400672,0.10579279387904261,-0.028534245218419733,-0.038489460626114025,0.0,0.0,0.0,0.0
1342,0.011840137467243208,-0.09768641712592954,0.11554782016221773,-0.00020623102691079838,-0.009608428570651313,0.0,0.0,0.0,0.0
1343,0.011485777546188382,-0.038127051161352496,0.0427414881624956,-0.029649170287416864,-0.03872170612821461,0.0,0.0,0.0,0.0
1344,0.01111022182635376,-0.006903363728336599,-0.0784005898223844,-0.000935343703269209,-0.010200937980924585,0.0,0.0,0.0,0.0
1345,0.010714163356462775,-0.013526359830134737,0.07902329829580816,-0.03070937403372196,-0.03888249148139712,0.0,0.0,0.0,0.0
1346,0.010298333020915906,-0.04577474605176788,0.2580373357247916,-0.0016627288021887256,-0.010774625095826173,0.0,0.0,0.0,0.0
1347,0.009863498191019268,0.02280478137330421,0.04922743512441473,-0.03171289391097113,-0.03897148159956963,0.0,0.0,0.0,0.0
1348,0.009410461308881722,0.010495472750473451,0.19988729019600748,-0.002387045752893212,-0.011328433222836947,0.0,0.0,0.0,0.0
1349,0.008940058406592238,-0.08415231225398528,-0.15560601589095524,-0.0326579057683682,-0.03898859673284863,0.0,0.0,0.0,0.0
1350,0.00845315756340983,-0.009415749587988402,-0.057595431695141995,-0.0031069590943449627,-0.011861334821818349,0.0,0.0,0.0,0.0
1351,0.007950657303814482,-0.008527865430631956,0.0909411523801594,-0.033542679297900335,-0.038933748058584246,0.0,0.0,0.0,0.0
1352,0.007433484939374634,0.005333907288630058,0.03345243503883684,-0.0038211364008607276,-0.012372347393647268,0.0,0.0,0.0,0.0
1353,0.006902594857490279,-0.023467620123938583,-0.12762843647662633,-0.03436551331381766,-0.038807047036147437,0.0,0.0,0.0,0.0
1354,0.006358966760171626,-0.1358954924847776,-0.10331642471975179,-0.004528262549853169,-0.012860527074666627,0.0,0.0,0.0,0.0
1355,0.005803603856101463,-0.09320063800648111,0.12002958461047,-0.03512494762435871,-0.038608722609174806,0.0,0.0,0.0,0.0
1356,0.0052375310093184775,0.06368318514323144,0.11602010733066678,-0.0052270327479528745,-0.01332496710653513,0.0,0.0,0.0,0.0
1357,0.00466179284793825,-0.05437006326069537,0.020123291001067606,-0.035819574713713775,-0.038339182929523485,0.0,0.0,0.0,0.0
1358,0.0040774518364018325,-0.07448236885625231,0.21640529678802,-0.005916158282423253,-0.013764818061096416,0.0,0.0,0.0,0.0
1359,0.0034855863148084013,-0.03036729014518407,-0.10626511099019728,-0.036448117440937976,-0.0379988780853481,0.0,0.0,0.0,0.0
1360,0.0028872885089518867,0.020124958878270267,0.06874259832105162,-0.0065943655159653464,-0.01417926758737581,0.0,0.0,0.0,0.0
1361,0.002283662514733035,-0.053130498609983215,-0.06461624431573104,-0.03700938739100128,-0.03758845934740814,0.0,0.0,0.0,0.0
1362,0.001675822260665336,-0.07061263900601847,0.006353460900613854,-0.00726040608847497,-0.014567552031058266,0.0,0.0,0.0,0.0
1363,0.0010648894522378894,-0.05342939103929237,-0.04533987186006036,-0.03750239403921745,-0.03710867529371972,0.0,0.0,0.0,0.0
1364,0.0004519915019241701,0.02522074275942273,0.03972143575160987,-0.007913045912071662,-0.014928954391909454,0.0,0.0,0.0,0.0
1365,-0.0001617405513388382,-0.07196039021003027,-0.1153995906249028,-0.03792615101524499,-0.036560402859855526,0.0,0.0,0.0,0.0
1366,-0.0007751741293642668,-0.0003246098600047202,0.10802378134637514,-0.008551082429667648,-0.015262807500419633,0.0,0.0,0.0,0.0
1367,-0.001387177204770323,-0.03616703896220742,0.27901466562834865,-0.03827990896909754,-0.035944660157160094,0.0,0.0,0.0,0.0
1368,-0.0019966203900178836,-0.03828894810423249,0.07032133017407198,-0.009173339665313408,-0.015568495315066487,0.0,0.0,0.0,0.0
1369,-0.0026023790215765406,-0.023910888846027108,-0.14532534110726014,-0.03856304365833661,-0.03526258906184181,0.0,0.0,0.0,0.0
1370,-0.003203335235373989,0.018806691952731748,-0.04405087097825362,-0.009778667981883352,-0.01584545369582901,0.0,0.0,0.0,0.0
1371,-0.003798380029696318,-0.0033747560647208255,0.03608111120908696,-0.03877500896312733,-0.03451544705474439,0.0,0.0,0.0,0.0
1372,-0.0043864153117347615,0.019102756237755834,0.11687541201144444,-0.010365950578893867,-0.01609317993740722,0.0,0.0,0.0,0.0
1373,-0.004966355924001087,-0.07808589480729641,-0.10940157826717414,-0.03891541896595086,-0.03370459571992169,0.0,0.0,0.0,0.0
1374,-0.005537131646871821,-0.0214977020783051,-0.18783441174623622,-0.010934104138922068,-0.016311204752600866,0.0,0.0,0.0,0.0
1375,-0.006097689173566128,-0.07035414034045342,-0.03882831696077034,-0.038984020632913334,-0.032831544305094246,0.0,0.0,0.0,0.0
1376,-0.006646994053913661,-0.09844980374297665,-0.04594342598939004,-0.011482080701144627,-0.016499128118166232,0.0,0.0,0.0,0.0
1377,-0.007184032603323643,-0.0027949903449703342,-0.19032426255264967,-0.03898069278169931,-0.03189789923260742,0.0,0.0,0.0,0.0
1378,-0.007707813773433385,-0.07594107359653378,-0.08636997585225334,-0.012008868537969874,-0.016656603734766608,0.0,0.0,0.0,0.0
1379,-0.008217370980984445,-0.05973441247680937,0.01610549312528935,-0.03890542520653935,-0.030905390989710537,0.0,0.0,0.0,0.0
1380,-0.008711763891550567,0.08257796408951656,-0.09235307620433933,-0.012513494376096604,-0.016783341600666548,0.0,0.0,0.0,0.0
1381,-0.009190080154826565,-0.10817781688352651,-0.06291458330003905,-0.038758348167138475,-0.029855849566321622,0.0,0.0,0.0,0.0
1382,-0.009651437088275023,0.0016694073177530404,-0.09647734936737448,-0.012995026298494198,-0.016879106975170945,0.0,0.0,0.0,0.0
1383,-0.010094983306024197,-0.09312798668608346,-0.284587405960073,-0.038539723646943067,-0.028751209652995782,0.0,0.0,0.0,0.0
1384,-0.010519900290011878,0.05459222647556665,0.07423632081673068,-0.01345258142015558,-0.01694372455424819,0.0,0.0,0.0,0.0
1385,-0.010925403900474449,0.022688610725872638,0.01013482545302112,-0.038250053682389956,-0.02759353201084626,0.0,0.0,0.0,0.0
1386,-0.011310745822994465,0.04390506920202819,-0.10104636550874126,-0.013885307472192292,-0.01697707875977035,0.0,0.0,0.0,0.0
1387,-0.011675214949436939,-0.006337279392948605,-0.026502006259412684,-0.03788971572561309,-0.02638493129015963,0.0,0.0,0.0,0.0
1388,-0.01201813869022444,-0.028014947607338934,-0.06666206401556918,-0.014292411406667368,-0.016979102331723606,0.0,0.0,0.0,0.0
1389,-0.012338884215530865,-0.03496940141544044,0.05920104504992899,-0.037459498668990406,-0.025127639728974492,0.0,0.0,0.0,0.0
1390,-0.012636859623102679,-0.05511124779623327,0.022199708841039934,-0.014673142688326278,-0.016949792520133445,0.0,0.0,0.0,0.0
1391,-0.012911515030552346,0.043810779058102205,0.04624502344514901,-0.03696019229201133,-0.023823984477071822,0.0,0.0,0.0,0.0
1392,-0.013162343590108552,-0.008475026006112107,-0.14803979484221563,-0.015026794479439852,-0.016889205712263163,0.0,0.0,0.0,0.0
1393,-0.01338888242395094,-0.060233814261802965,-0.004461606507582087,-0.03639263788907705,-0.02247636598978243,0.0,0.0,0.0,0.0
1394,-0.013590713478402303,2.8301662048596174e-05,0.26104841744052054,-0.015352716907878193,-0.016797446826265508,0.0,0.0,0.0,0.0
1395,-0.013767464295403122,-0.09820221492623672,-0.007945728475974344,-0.035757939469099984,-0.021087234525495612,0.0,0.0,0.0,0.0
1396,-0.013918808699843641,0.03577326891070051,-0.12084549672512283,-0.01565030850611498,-0.016674681423915413,0.0,0.0,0.0,0.0
1397,-0.014044467401485976,-0.014763339926624621,0.04275061165955252,-0.0350572625330025,-0.01965915515301284,0.0,0.0,0.0,0.0
1398,-0.014144208510364997,-0.04710126729566478,-0.10829916368741996,-0.015919018804226408,-0.016521148521756148,0.0,0.0,0.0,0.0
1399,-0.014217847964716908,-0.04230953278352729,0.1751542959256147,-0.03429187937663315,-0.01819484975115988,0.0,0.0,0.0,0.0
1400,-0.014265249870645912,-0.03539070421942756,-0.260773679855457,-0.016158352462464064,-0.016337131000801506,0.0,0.0,0.0,0.0
1401,-0.014286326752902236,-0.06765680636732828,-0.20925617554866435,-0.03346321393720908,-0.01669701396067898,0.0,0.0,0.0,0.0
1402,-0.01428103971630848,-0.12990759894718357,0.0035941014452068633,-0.016367869237281785,-0.016122966312269348,0.0,0.0,0.0,0.0
1403,-0.014249398517536606,0.03440931879797107,-0.06817323219007007,-0.03257281279743347,-0.01516836594969188,0.0,0.0,0.0,0.0
1404,-0.014191461547103032,-0.08317849782995684,0.15176980158739142,-0.01654718140276171,-0.01587904545985896,0.0,0.0,0.0,0.0
1405,-0.014107335721615023,0.04813586636388337,-0.03981222321246147,-0.031622301226811395,-0.013611666116449742,0.0,0.0,0.0,0.0
1406,-0.013997176286467367,0.04653552996012672,-0.069715036239275,-0.016695957942169045,-0.01560581658681961,0.0,0.0,0.0,0.0
1407,-0.01386118652935317,-0.00776642925790046,-0.013935098772363666,-0.03061343224839757,-0.012029778508121923,0.0,0.0,0.0,0.0
1408,-0.013699617405117761,-0.013669423301028683,-0.04478977826461869,-0.016813924118576403,-0.015303788002258348,0.0,0.0,0.0,0.0
1409,-0.01351276707264792,-0.13618923263160634,0.05677259317459508,-0.029548065708992984,-0.010425710339190104,0.0,0.0,0.0,0.0
1410,-0.013300980344650697,-0.027222380981905936,0.070617107258667,-0.0169008620555219,-0.014973524744569968,0.0,0.0,0.0,0.0
1411,-0.01306464805133794,-0.12488444640244004,-0.034973110661469645,-0.028428166579807672,-0.008802532979114984,0.0,0.0,0.0,0.0
1412,-0.012804206319189836,-0.014553694174724513,-0.08045201923276082,-0.016956611285348994,-0.014615632853612661,0.0,0.0,0.0,0.0
1413,-0.012520135766129434,-0.022550452199985607,0.04354179762621224,-0.02725580271527436,-0.007163140506667089,0.0,0.0,0.0,0.0
1414,-0.012212960614592554,-0.09538713994918885,0.043612109191039604,-0.016981069353127928,-0.014230767098982014,0.0,0.0,0.0,0.0
1415,-0.011883247724130106,0.06910445050327463,-0.058270623842146714,-0.026033140629424252,-0.005510459374666525,0.0,0.0,0.0,0.0
1416,-0.011531605545328262,0.03145368953185194,0.09538110544064812,-0.016974191144266633,-0.013819630403911369,0.0,0.0,0.0,0.0
1417,-0.011158682996976874,0.04482072599372047,0.05255952863315851,-0.024762435145584776,-0.0038474554922253838,0.0,0.0,0.0,0.0
1418,-0.010765168268557487,0.029185401487925044,-0.02636403443206283,-0.016935988004878114,-0.013382995347361983,0.0,0.0,0.0,0.0
1419,-0.010351787550261938,-0.0005213772407372738,-0.12796704490652622,-0.02344602114744341,-0.002177465113070067,0.0,0.0,0.0,0.0
1420,-0.009919303692884612,0.034186985001281825,0.16467636140617514,-0.0168665339405541,-0.012921665388397782,0.0,0.0,0.0,0.0
1421,-0.009468514800061112,-0.12575188556077285,-0.07594359362382481,-0.022086367145241266,-0.0005034679003701635,0.0,0.0,0.0,0.0
1422,-0.009000252755451413,0.019412518717305677,0.06891960095747303,-0.016765957050319753,-0.012436490554970632,0.0,0.0,0.0,0.0
1423,-0.008515381687586272,-0.09973697286548773,-0.1583965871196967,-0.020685944384291277,0.0011714578479184285,0.0,0.0,0.0,0.0
1424,-0.008014796375207958,0.006996763173054886,-0.021546161352892966,-0.016634439334561584,-0.011928365065981768,0.0,0.0,0.0,0.0
1425,-0.007499420596050507,-0.05649328769621258,-0.07456106894576492,-0.019247319950458416,0.002844224733895531,0.0,0.0,0.0,0.0
1426,-0.006970205422104141,-0.06413309372119985,-0.10557494002420621,-0.01647222386506812,-0.0113982269858154,0.0,0.0,0.0,0.0
1427,-0.006428127464511817,0.02851771057058164,0.03492940786579011,-0.017773187494549092,0.004511740958738148,0.0,0.0,0.0,0.0
1428,-0.005874187071335905,0.0355471574899727,0.08183605516989718,-0.016279613902177973,-0.010847054824570304,0.0,0.0,0.0,0.0
1429,-0.005309406481520497,0.07861108048774643,0.144383766574426,-0.01626631921138025,0.006170928053182023,0.0,0.0,0.0,0.0
1430,-0.004734827938456271,0.06265211315486185,0.11571559863390779,-0.016056963114259724,-0.010275862685999304,0.0,0.0,0.0,0.0
1431,-0.004151511766630206,0.02630879142141521,-0.19406278911198913,-0.014729436140007355,0.007818735019674623,0.0,0.0,0.0,0.0
1432,-0.0035605344149071926,-0.054345247844479944,0.19432565718727474,-0.01580467796863383,-0.009685710249436853,0.0,0.0,0.0,0.0
1433,-0.0029629864700567417,-0.03963421632207545,0.087007994144663,-0.013165298473535588,0.00945210704696601,0.0,0.0,0.0,0.0
1434,-0.0023599706441896975,0.057630994939414315,0.16426422625954706,-0.015523220300557788,-0.009077680702246871,0.0,0.0,0.0,0.0
1435,-0.0017525997398180025,0.0034554341031965245,-0.05060515775922315,-0.011576813520476095,0.011068043018085534,0.0,0.0,0.0,0.0
1436,-0.0011419945962945753,0.006829065711801991,-0.11629651900380567,-0.015213116592751073,-0.008452901829160118,0.0,0.0,0.0,0.0
1437,-0.0005292820214219506,-0.05205396583347196,-0.013999164768654544,-0.009966989888493724,0.012663548582018923,0.0,0.0,0.0,0.0
1438,8.44072879537361e-05,-0.05365866316053716,-0.1233795036379499,-0.014874939836940191,-0.00781252390668799,0.0,0.0,0.0,0.0
1439,0.0006979408325250819,0.07184599428206118,0.11164631816158252,-0.008338790252797771,0.014235684495556154,0.0,0.0,0.0,0.0
1440,0.0013101864004325097,-0.05015767904312841,0.02967406495065815,-0.014509311765541454,-0.0071577291286716435,0.0,0.0,0.0,0.0
1441,0.0019200141566423979,-0.09327320215478868,-0.02430353589684542,-0.006695218517226764,0.015781491487466576,0.0,0.0,0.0,0.0
1442,0.00252629872793893,-0.04086247113123079,-0.03211516573061035,-0.014116909305249791,-0.006489724594345537,0.0,0.0,0.0,0.0
1443,0.003127921279683031,0.03460214575371891,-0.12079046510915883,-0.0050393239228882355,0.017298225356011006,0.0,0.0,0.0,0.0
1444,0.003723771580504142,-0.04001517823174222,-0.06442915239613296,-0.01369845732768224,-0.005809742254923967,0.0,0.0,0.0,0.0
1445,0.004312750051115662,-0.06820300920903233,-0.04250607317098176,-0.003374147802673526,0.01878306370829339,0.0,0.0,0.0,0.0
1446,0.0048937697934735,-0.030706030284900876,-0.0982917405594714,-0.013254726110094152,-0.005119040303954689,0.0,0.0,0.0,0.0
1447,0.0054657585965327835,0.029912799275185416,-0.00696515197018268,-0.0017027242576109192,0.02023318738600454,0.0,0.0,0.0,0.0
1448,0.0060276609149003185,-0.02243718627079439,-0.25413257523510746,-0.012786534966208974,-0.004418891834387716,0.0,0.0,0.0,0.0
1449,0.006578439816733654,-0.00800015559868249,0.03167301624251306,-2.8153419614550775e-05,0.02164600287317964,0.0,0.0,0.0,0.0
1450,0.007117078897289838,0.017738664688407006,0.047331107326378394,-0.012294748535409442,-0.00371059054935123,0.0,0.0,0.0,0.0
1451,0.007642584154593595,0.05627975678874021,-0.03769656647435912,0.0016464619051409874,0.023018842171367588,0.0,0.0,0.0,0.0
1452,0.008153985823764339,0.06690117969191876,-0.20277369190717376,-0.011780273761269406,-0.002995439581849556,0.0,0.0,0.0,0.0
1453,0.008650340166615431,0.16050475932037964,-0.03970104910474322,0.003318043619209574,0.024349253422865653,0.0,2.0,0.0,0.0
1454,0.00913073121322354,-0.2156906967406691,0.03943297946288849,-0.011244059687096766,-0.0022747595704761506,0.0,2.0,0.0,0.0
1455,0.009594272452256216,-0.1936808694158207,0.08086243341160304,0.004983510765553562,0.0256347181637266,0.0,2.0,0.0,0.0
1456,0.010040108466934664,-0.3185046752582411,-0.0466042337651479,-0.010687095418936216,-0.0015498832626397899,0.0,2.0,0.0,0.0
1457,0.010467416513616407,0.29158306749200635,0.028578993253575512,0.006639787921902983,0.026872873279647814,0.0,2.0,0.0,0.0
1458,0.010875408040082206,0.17911640387797886,-0.0947797641672754,-0.01011041023132013,-0.0008221527029578046,0.0,2.0,0.0,0.0
1459,0.011263330140726358,-0.38111848516642816,0.19867830734156483,0.008283801301585502,0.02806142203227814,0.0,2.0,0.0,0.0
1460,0.011630466945965489,0.10734811696217528,0.1081280390700172,-0.009515065754107542,-9.290240992495535e-05,0.0,2.0,0.0,0.0
1461,0.011976140943300633,0.02339065670433995,0.06082380373896738,0.009912556334376859,0.029198186179732057,0.0,2.0,0.0,0.0
1462,0.012299714227595439,0.2148968987796676,-0.15059403668015497,-0.008902163359084619,0.0006365225407949604,0.0,2.0,0.0,0.0
1463,0.012600589678263392,0.22616029425772205,0.005808842139910626,0.011522998134208902,0.030281087988376462,0.0,2.0,0.0,0.0
1464,0.0128782120611914,0.11997332491741024,0.03550008109667489,-0.008272834882112034,0.001364771561551926,0.0,2.0,0.0,0.0
1465,0.013132069053365829,-0.021589227705569224,0.3574124300978324,0.013112149973048921,0.031308063650180434,0.0,2.0,0.0,0.0
1466,0.013361692188311229,-0.5835699148381628,-0.03339986765809631,-0.007628239871518899,0.0020905021529064455,0.0,2.0,0.0,0.0
1467,0.01356665772059615,0.13897599789362075,0.0073770062626176795,0.014677113171171997,0.03227729841936392,0.0,2.0,0.0,0.0
1468,0.013746587407810474,-0.12864011401319927,0.14613198773299657,-0.006969567749139437,0.002812376700611769,0.0,2.0,0.0,0.0
1469,0.013901149208572711,0.3184579474225232,0.07746097057253462,0.016214999940056624,0.033186994309656735,0.0,2.0,0.0,0.0
1470,0.014030057895277299,0.1806179683824564,-0.03371864674075435,-0.006298042127557555,0.0035290595060076917,0.0,2.0,0.0,0.0
1471,0.014133075580452154,0.22145604087647103,0.06192500662558842,0.01772295110456568,0.03403539272318905,0.0,2.0,0.0,0.0
1472,0.014210012155755337,0.1995692436488656,-0.06453961250267695,-0.005614893790707715,0.004239230157671646,0.0,2.0,0.0,0.0
1473,0.014260725642799893,-0.1440571700060504,0.05724273871493894,0.019198200556627416,0.03482102084058075,0.0,2.0,0.0,0.0
1474,0.01428512245516013,-0.15550805766359851,-0.025766200394223407,-0.004921378951088053,0.004941577675333361,0.0,2.0,0.0,0.0
1475,0.014283157571075563,-0.0838114886676684,0.2740295804248261,0.020637980423431884,0.035542383426313245,0.0,2.0,0.0,0.0
1476,0.014254834616533853,0.40486200455487775,-0.1279177870466237,-0.004218781856288519,0.005634805153093825,0.0,2.0,0.0,0.0
1477,0.014200205858579434,0.015372118302287267,-0.0745095773998436,0.022039720598276014,0.036198144251969745,0.0,2.0,0.0,0.0
1478,0.014119372108860119,0.14893454975673345,-0.10431502671528003,-0.0035083985464456234,0.006317634853385883,0.0,2.0,0.0,0.0
1479,0.014012482537589886,0.2563805578822346,0.05254334485912293,0.023400807809825667,0.03678711772735481,0.0,2.0,0.0,0.0
1480,0.013879734398270725,0.07801277570943396,0.0397032806243963,-0.002791539766736543,0.006988808164555495,0.0,2.0,0.0,0.0
1481,0.013721372663682067,-0.14891059859632885,-0.24082695578915359,0.024718701355563016,0.037308236618269944,0.0,2.0,0.0,0.0
1482,0.013537689573809169,-0.4663111552036782,-0.053938746801352584,-0.0020695333220835783,0.007647082991162819,0.0,2.0,0.0,0.0
1483,0.01332902409654485,0.2591539226590268,0.0062075054013618555,0.025990929020449725,0.03776047779232179,0.0,2.0,0.0,0.0
1484,0.013095761302159682,0.08707216978154166,0.002171971834548747,-0.0013437074583484503,0.00829124319623228,0.0,2.0,0.0,0.0
1485,0.012838331652695482,0.30616734068761503,0.03125421788664406,0.02721523655002583,0.03814306298690867,0.0,2.0,0.0,0.0
1486,0.012557210207592264,0.07410534613482217,0.06188652166884698,-0.0006154035066705797,0.008920104664345025,0.0,2.0,0.0,0.0
1487,0.01225291574701601,0.2570411279698086,0.09439644860455132,0.02838929584987899,0.03845523175534076,0.0,2.0,0.0,0.0
1488,0.011926009814504595,-0.10553343354138636,0.035457213034610066,0.00011403723707590306,0.009532507570268436,0.0,2.0,0.0,0.0
1489,0.011577095680697425,0.2655437795046162,-0.030377276312789747,0.029510999313569434,0.03869644767804645,0.0,2.0,0.0,0.0
1490,0.011206817230063084,0.12313339455423905,-0.11027245520784083,0.0008432661949032201,0.010127308983353971,0.0,2.0,0.0,0.0
1491,0.010815857772677935,0.4048188646796133,0.01788903169133086,0.030578222007501956,0.038866240686257214,0.0,2.0,0.0,0.0
1492,0.01040493878324898,0.22041955003877498,0.08587476305747015,0.001570939286750134,0.010703422716032446,0.0,2.0,0.0,0.0
1493,0.009974818569707748,0.3131487517354022,-0.07704535547124913,0.031589026350468175,0.038964307902479955,0.0,2.0,0.0,0.0
1494,0.009526290873833058,0.004944555428768197,0.003767543915415713,0.0022957149720770047,0.01125978912012547,0.0,2.0,0.0,0.0
1495,0.009060183406482897,-0.07395325775845507,0.07194973731803653,0.032541564360853814,0.03899046668477329,0.0,2.0,0.0,0.0
1496,0.008577356320141161,0.3463441003464143,-0.11452879804529995,0.0030162519513343383,0.011795380752549654,0.0,2.0,0.0,0.0
1497,0.008078700621596907,0.4181872593201286,0.15132389567509608,0.03343401184666471,0.038944660818688775,0.0,2.0,0.0,0.0
1498,0.007565136527683733,-0.41380392208109545,0.12779037289206385,0.003731224972371189,0.012309206835562927,0.0,2.0,0.0,0.0
1499,0.0070376117671166845,0.614205718814264,0.14454938762002684,0.03426480184263127,0.038827030865277015,0.0,2.0,0.0,0.0
1500,0.006497099831558071,-0.18319315515930473,-0.0817233388146394,0.004439304416715329,0.012800317681671097,0.0,2.0,0.0,0.0
1501,0.005944598179140625,-7.038588033527374e-05,0.14294883416214138,0.035032322001853654,0.038637743710363326,0.0,2.0,0.0,0.0
1502,0.0053811263937628626,-0.15995777269114117,-0.09024025592590984,0.005139191262891009,0.013267805836081153,0.0,2.0,0.0,0.0
1503,0.004807724303554595,0.1075017587775204,0.0772544234840624,0.03573520389228391,0.03837713475502461,0.0,2.0,0.0,0.0
1504,0.004225450061981967,0.2222174739286182,0.08055146525094602,0.005829602629716119,0.013710807982026235,0.0,2.0,0.0,0.0
1505,0.0036353781951366754,-0.10381866101110615,-0.04142424603017631,0.03637214760971874,0.03804569254809142,0.0,2.0,0.0,0.0
1506,0.003038597618811273,-0.1464083523757148,0.16512321673861238,0.006509254105656796,0.01412850396351398,0.0,2.0,0.0,0.0
1507,0.002436209629018018,0.46185685724628595,0.0610277952382538,0.036941937056713336,0.037644061483434264,0.0,2.0,0.0,0.0
1508,0.0018293258696632723,0.10559486400773706,0.144903512975545,0.007176893102973903,0.014520125945109392,0.0,2.0,0.0,0.0
1509,0.0012190662811249785,0.428979788254569,0.006984275241641025,0.03744358533308668,0.03717295561683224,0.0,2.0,0.0,0.0
1510,0.0006065570335198561,-0.16313678347554872,0.08002666624463356,0.007831287195598436,0.014884952612201737,0.0,2.0,0.0,0.0
1511,-7.071551524718439e-06,0.308682685808975,0.0671226840480818,0.037876122318075425,0.03663325950910048,0.0,2.0,0.0,0.0
1512,-0.0006206870867620356,0.19032295680725567,0.049558997144529285,0.008471229680249642,0.015222311796352493,0.0,2.0,0.0,0.0
1513,-0.0012331572090274374,0.45807624665436325,0.08471885719164586,0.038238772789772564,0.03602596329172329,0.0,2.0,0.0,0.0
1514,-0.0018433516688952615,0.03433102326664512,0.005279923037627334,0.009095541179497377,0.01553158090873858,0.0,2.0,0.0,0.0
1515,-0.0024501444164369253,0.4147578968454657,-0.06386896081060427,0.03853088379901315,0.0353521833154745,0.0,2.0,0.0,0.0
1516,-0.0030524156792272484,0.16784647212481812,0.1406245563427672,0.00970306154460636,0.01581218869137633,0.0,2.0,0.0,0.0
1517,-0.00364905402876732,0.11406288542812945,0.06901942018141671,0.03875186136491891,0.03461315971915057,0.0,2.0,0.0,0.0
1518,-0.004238958431509315,0.44290067113959486,0.10335382635182394,0.010292669806111057,0.016063617285184857,0.0,2.0,0.0,0.0
1519,-0.004821040280698717,0.5437459691921106,-0.009743153841453918,0.03890131261837951,0.03381026058328288,0.0,2.0,0.0,0.0
1520,-0.005394225405283228,0.060289262729767645,-0.10775188037379514,0.010863284333547898,0.016285403039580898,0.0,2.0,0.0,0.0
1521,-0.005957456052184031,0.22769628500311323,-0.026372511422186856,0.03897897568856783,0.03294497019731106,0.0,2.0,0.0,0.0
1522,-0.006509692838267659,-0.24517398159831758,0.03611928201430387,0.011413860028070566,0.01647714019219258,0.0,2.0,0.0,0.0
1523,-0.007049916668418105,0.25142394676237056,-0.2813493949402483,0.03898472145897382,0.03201885778715193,0.0,2.0,0.0,0.0
1524,-0.007577130616171159,0.2225217658335945,-0.03953292781269978,0.011943373262136606,0.0166384702476438,0.0,2.0,0.0,0.0
1525,-0.008090361763436985,0.17430394360836604,-0.01303097420206489,0.038918506037263864,0.031033676942152023,0.0,2.0,0.0,0.0
1526,-0.008588662995918685,-0.18692793918715953,-0.06958488070420829,0.012450845856255588,0.016769095834824367,0.0,2.0,0.0,0.0
1527,-0.00907111475091263,0.09204375346414893,0.08869423624175748,0.038780472129023,0.029991229034223243,0.0,2.0,0.0,0.0
1528,-0.009536826714264436,0.047658816665977155,-0.011574358373587095,0.012935344065183322,0.016868775359220756,0.0,2.0,0.0,0.0
1529,-0.009984939463351382,0.25557314027833283,-0.016670794475588564,0.03857092224763495,0.02889342980992509,0.0,2.0,0.0,0.0
1530,-0.010414626053056299,-0.308004195422958,-0.15403466504389043,0.013395968324978682,0.016937325104698652,0.0,2.0,0.0,0.0
1531,-0.01082509354180771,0.2986337873489223,-0.1280066580935781,0.03829012681294827,0.027742309695774233,0.0,2.0,0.0,0.0
1532,-0.011215584454871275,-0.10654509593644486,-0.2060688305852449,0.013831872062703914,0.016974618811315824,0.0,2.0,0.0,0.0
1533,-0.01158537818218943,0.2930176074292568,0.15623061771015434,0.037938701272869135,0.026539994532340544,0.0,2.0,0.0,0.0
1534,-0.011933792308191896,0.22955713100978123,0.06832770252332893,0.014242250691763662,0.01698058727241763,0.0,2.0,0.0,0.0
1535,-0.012260183871122094,0.6282973455896449,-0.16388743122144836,0.03751726821421334,0.02528869699048509,0.0,2.0,0.0,0.0
1536,-0.012563950549555775,0.1146766069424021,0.15158626830740005,0.014626339615158407,0.01695521940302836,0.0,2.0,0.0,0.0
1537,-0.0128445317739217,0.20864555842761995,-0.10379307813990302,0.03702662072757721,0.02399073142615877,0.0,2.0,0.0,0.0
1538,-0.01310140976097472,0.21445498199314889,0.017285571134557233,0.014983438416785679,0.016898565880282015,0.0,2.0,0.0,0.0
1539,-0.013334110469309749,0.31337111489019354,-0.08069996217571675,0.036467628008540115,0.02264851776777549,0.0,2.0,0.0,0.0
1540,-0.013542204474156112,0.05433850116204463,-0.026720089574899037,0.015312887237045566,0.016810729910516378,0.0,2.0,0.0,0.0
1541,-0.013725307759835614,0.2687465986724813,-0.04039371509266777,0.03584134057013027,0.02126450119869649,0.0,2.0,0.0,0.0
1542,-0.013883082428423314,-0.5482885929474389,0.09042891307214561,0.015614078109526749,0.01669187155870122,0.0,2.0,0.0,0.0
1543,-0.014015237323302733,0.45963858199233,-0.054731123878097025,0.03514891229710578,0.019841222912660016,0.0,2.0,0.0,0.0
1544,-0.014121528566464918,0.357406392362949,0.004492497480779187,0.01588645952197865,0.016542204851337953,0.0,2.0,0.0,0.0
1545,-0.014201760008559607,0.34069264852208014,-0.018074332983963888,0.034391594950967955,0.018381318720640326,0.0,2.0,0.0,0.0
1546,-0.014255783590868513,-0.07183252797988211,0.00404830004114979,0.01612952600992926,0.016362013020576525,0.0,2.0,0.0,0.0
1547,-0.01428349961853203,0.14611072013877374,0.23104174827998208,0.03357084053181592,0.0168875310522218,0.0,2.0,0.0,0.0
1548,-0.014284856944525661,0.29520015174106323,-0.03217794369647836,0.016342825623776522,0.016151628777921763,0.0,2.0,0.0,0.0
1549,-0.01425985306404654,0.15065459013897745,0.12751557947853379,0.03268811932523174,0.015362607529477788,0.0,2.0,0.0,0.0
1550,-0.014208534119135748,0.233150125421822,0.007160695249535453,0.01652597115235901,0.01591144050363843,0.0,2.0,0.0,0.0
1551,-0.014130994813528015,0.7566613361137275,-0.007378262119154778,0.03174513331085035,0.013809351434551953,0.0,2.0,0.0,0.0
1552,-0.014027378237885907,-0.034478386887902196,-0.1014959992542092,0.016678618421296375,0.015641889390330236,0.0,2.0,0.0,0.0
1553,-0.013897875605740965,0.35335290189985624,-0.07964995979888145,0.030743530077878323,0.012230614204963134,0.0,2.0,0.0,0.0
1554,-0.01374272590062933,0.12681739005005063,-0.10533089390220349,0.016800487064189646,0.01534347079216627,0.0,2.0,0.0,0.0
1555,-0.013562215435072373,0.23472430473494135,0.04946593111847087,0.02968517883965888,0.010629303588541736,0.0,2.0,0.0,0.0
1556,-0.013356677322217339,0.3663517176767776,0.15004178024486162,0.01689134953309765,0.015016738459010097,0.0,2.0,0.0,0.0
1557,-0.013126490861111551,-0.1343845536689116,-0.02744126811961968,0.028572034866988304,0.009008379179148915,0.0,2.0,0.0,0.0
1558,-0.012872080836745996,0.505004361451489,-0.08023687803632781,0.016951039679565873,0.014662291774116942,0.0,2.0,0.0,0.0
1559,-0.012593916736159087,0.08384686405067254,-0.0020826345371154874,0.027406159167579353,0.007370809907591504,0.0,2.0,0.0,0.0
1560,-0.012292511882047535,0.36607381372121367,-0.03560419517720652,0.016979446802881795,0.014280788963093257,0.0,2.0,0.0,0.0
1561,-0.011968422485482993,-0.16372198331599744,-0.006808485800658098,0.026189708028732165,0.005719603622149372,0.0,2.0,0.0,0.0
1562,-0.011622246619483252,0.3974096766716082,0.011244987815482563,0.016976517248443793,0.013872928608493918,0.0,2.0,0.0,0.0
1563,-0.01125462311533052,0.5377811501785691,0.029091738832951346,0.024924926045938912,0.0040577831596149225,0.0,2.0,0.0,0.0
1564,-0.010866230383675528,0.22996090840596348,-0.05344294046912054,0.01694226108661719,0.013439461360660697,0.0,2.0,0.0,0.0
1565,-0.010457785162602184,0.3310127132498788,-0.019709787469953808,0.023614159024258837,0.002388401068749508,0.0,2.0,0.0,0.0
1566,-0.010030041194961788,-0.21878286790728427,0.02820571489795912,0.016876741711925602,0.01298118508187208,0.0,2.0,0.0,0.0
1567,-0.009583787837420086,-0.06609237038467593,-0.06486702832341465,0.022259825328920308,0.0007145354160652214,0.0,2.0,0.0,0.0
1568,-0.009119848603782153,-0.1044516920151652,-0.06420069256942562,0.01678007874662171,0.012498947748713369,0.0,2.0,0.0,0.0
1569,-0.008639079645283963,0.02505133665305286,-0.06574156920174255,0.02086442305545924,-0.0009606731181239056,0.0,2.0,0.0,0.0
1570,-0.008142368170654831,-0.05337557101139356,0.15993220891726587,0.016652450651468694,0.011993647378781742,0.0,2.0,0.0,0.0
1571,-0.007630630808867362,0.2672650605991958,0.05080203766595393,0.019430525258966973,-0.0026339992593951336,0.0,2.0,0.0,0.0
1572,-0.0071048119175935575,-0.4645601981746139,-0.038488776656856315,0.016494093229885088,0.011466220621558651,0.0,2.0,0.0,0.0
1573,-0.006565881840493068,-0.27304902524421076,-0.06282699907734138,0.01796077995122034,-0.004302333319514432,0.0,2.0,0.0,0.0
1574,-0.006014835116544446,0.23615877735907345,0.06274123052210366,0.016305298493523836,0.010917634344533808,0.0,2.0,0.0,0.0
1575,-0.005452688644728376,-0.3596653111970147,0.13667187177902146,0.01645789493536105,-0.005962731533487807,0.0,2.0,0.0,0.0
1576,-0.00488047980744701,0.03743221557735625,-0.0008752069091606807,0.01608641500089415,0.010348903648040933,0.0,2.0,0.0,0.0
1577,-0.004299264556143451,0.10988959629241589,0.06463777620960086,0.014924643557663417,-0.00761212546247308,0.0,2.0,0.0,0.0
1578,-0.003710115462653833,-0.08439644231431538,-0.10212172437584888,0.015837844977066598,0.009761075511731625,0.0,2.0,0.0,0.0
1579,-0.0031141197398891866,-0.09573100643429437,-0.0454756360127896,0.013363834945828717,-0.009247468978365217,0.0,2.0,0.0,0.0
1580,-0.002512377235496773,-0.04266198745994984,-0.1460922618193403,0.015560045647205145,0.00915523517903397,0.0,2.0,0.0,0.0
1581,-0.001905998402207091,-0.21788951353172864,-0.02934215702301924,0.011778326910204974,-0.010865687335239111,0.0,2.0,0.0,0.0
1582,-0.0012961022486103467,0.40034224791858747,0.02715642295838737,0.015253532182790004,0.008532499956333385,0.0,2.0,0.0,0.0
1583,-0.0006838142741421651,0.18421611996831988,0.13357169312009498,0.01017108680007986,-0.012463895373120513,0.0,2.0,0.0,0.0
1584,-7.026439209313199e-05,-0.13890005444699918,0.06262474929112484,0.014918869215414462,0.007894017614552993,0.0,2.0,0.0,0.0
1585,0.000543415155527971,-0.09301867067226095,-0.029220665674361518,0.008545066821583,-0.014039131573971369,0.0,2.0,0.0,0.0
1586,0.0011560918874283402,-0.2460809919839205,0.037100751257410504,0.014556673894515525,0.007240967168749049,0.0,2.0,0.0,0.0
1587,0.0017666351729058842,-0.10483220918711865,-0.04077661179005576,0.006903269312242638,-0.015588470656513576,0.0,2.0,0.0,0.0
1588,0.002373918318310913,-0.07400649117817372,0.029784383294872853,0.014167616265746745,0.006574555309185036,0.0,2.0,0.0,0.0
1589,0.0029768206462405813,-0.15837248024356934,-0.0181269999511343,0.0052487489478847136,-0.01710902986745869,0.0,2.0,0.0,0.0
1590,0.0035742295636309986,0.05572650655362375,-0.012130135667791926,0.013752413521555533,0.005896014487499989,0.0,2.0,0.0,0.0
1591,0.004165042614932326,0.09185075187079614,-0.20235121184189003,0.003584544405028006,-0.01859802919760685,0.0,2.0,0.0,0.0
1592,0.004748169516574164,0.08440076526697993,-0.03176435027566481,0.013311832283365582,0.0052065980753565645,0.0,2.0,0.0,0.0
1593,0.005322534168969816,-0.11969760338571293,-0.10971696977505549,0.0019137310406788521,-0.020052686378652033,0.0,2.0,0.0,0.0
1594,0.0058870766423453095,-0.3785163465452223,0.14151826587344127,0.012846683929362472,0.004507565317292338,0.0,2.0,0.0,0.0
1595,0.006440755132728895,-0.22689081132103056,-0.0980017190925306,0.00023936690261421674,-0.021470342960431127,0.0,2.0,0.0,0.0
1596,0.006982547884490365,-0.07490354809529719,0.08170430860969545,0.0123578310265007,0.0038002148284604926,0.0,2.0,0.0,0.0
1597,0.007511455075885096,-0.09320857632264895,-0.05296526250843819,-0.0014353910915411178,-0.022848372298609625,0.0,2.0,0.0,0.0
1598,0.008026500664119729,0.11802996442182577,0.1273087856054413,0.01184616990496405,0.003085850565437848,0.0,2.0,0.0,0.0
1599,0.008526734186536362,0.014986457137197966,0.08255186113631635,-0.0031075565402113644,-0.024184258050576227,0.0,2.0,0.0,0.0
1600,0.00901123251459281,-0.32577514078682623,0.04658445526036628,0.011312648723831493,0.0023657928717294077,0.0,2.0,0.0,0.0
1601,0.00947910155739905,0.10065710434491494,0.19370470664462797,-0.004773965313455435,-0.025475496539168627,0.0,2.0,0.0,0.0
1602,0.009929477911667664,-0.197101202838752,-0.1041001246862004,0.010758252464954612,0.001641367196540735,0.0,2.0,0.0,0.0
1603,0.010361530455035798,0.10906308910134388,0.0758394054892773,-0.006431537127755765,-0.026719759218819843,0.0,2.0,0.0,0.0
1604,0.010774461879812283,-0.05503968342547473,0.08317616442967804,0.010183999389640515,0.000913912545358074,0.0,2.0,0.0,0.0
1605,0.011167510164327057,0.22240695114323425,0.004657970302115167,-0.008077304420958005,-0.027914707176708724,0.0,2.0,0.0,0.0
1606,0.011539949979161553,-0.003166849684611387,-0.1994190554372355,0.00959096233831446,0.0001847735189417018,0.0,2.0,0.0,0.0
1607,0.011891094025668396,0.19796982418619988,-0.05065127507641717,-0.009708120503201283,-0.029058106227681197,0.0,2.0,0.0,0.0
1608,0.01222029430430857,-0.07485815518136293,-0.18495638441091447,0.008980231646531982,-0.0005447058111437454,0.0,2.0,0.0,0.0
1609,0.012526943310467355,-0.1836595430691483,-0.1802916522842936,-0.011320970338095086,-0.030147880084616177,0.0,2.0,0.0,0.0
1610,0.012810475155540048,0.0015399321176060143,0.061016230021375434,0.008352918803791189,-0.0012731795439960669,0.0,2.0,0.0,0.0
1611,0.013070366611219747,-0.20542308390263816,0.07057890039278442,-0.01291297106141657,-0.03118201974762114,0.0,2.0,0.0,0.0
1612,0.013306138075061334,-0.060489981418773604,0.1342219049030938,0.00771019314926107,-0.00199930343752817,0.0,2.0,0.0,0.0
1613,0.013517354455536318,-0.12016243580997116,-0.058514854680285375,-0.014481164313737622,-0.03215861777065331,0.0,2.0,0.0,0.0
1614,0.013703625974949583,0.05586513559931283,0.06919672104926666,0.007053234067661948,-0.0027217376106912746,0.0,2.0,0.0,0.0
1615,0.013864608888732853,0.10472566516120466,-0.0155927130869353,-0.016022629108058847,-0.03307587282637207,0.0,2.0,0.0,0.0
1616,0.014000006119789403,0.3314793483802864,0.02486614651398118,0.00638325882375991,-0.0034391490027031054,0.0,2.0,0.0,0.0
1617,0.01410956780671856,-0.03549433730465447,-0.23196712531788516,-0.01753452301905524,-0.03393209304340654,0.0,2.0,0.0,0.0
1618,0.014193091764908848,0.1111172071733011,-0.0210557014116331,0.005701503046818344,-0.004150213594648916,0.0,2.0,0.0,0.0
1619,0.014250423859648649,-0.37958915324817943,-0.07909844425232546,-0.01901407103235282,-0.03472569889176291,0.0,2.0,0.0,0.0
1620,0.01428145829056531,-0.11063343894495017,-0.052426771007058046,0.005009226056077934,-0.004853613443744957,0.0,2.0,0.0,0.0
1621,0.014286137786868935,-0.011429971373450056,-0.0506509147415045,-0.0204585241429658,-0.03545524365890963,0.0,2.0,0.0,0.0
1622,0.014264453713039495,-0.3179878501953917,-0.06727790766544063,0.0043077065231931005,-0.005548061094432138,0.0,2.0,0.0,0.0
1623,0.014216446084762783,-0.03867007802349061,-0.10428175147285254,-0.021865225549138122,-0.03611929578055576,0.0,2.0,0.0,0.0
1624,0.01414220349508573,-0.04460575667626841,0.053283193973199,0.0035982371150645974,-0.00623227060932391,0.0,2.0,0.0,0.0
1625,0.014041862950927134,0.036663837915893616,0.046168063809391854,-0.02323157748249204,-0.03671673031191576,0.0,2.0,0.0,0.0
1626,0.013915609620245746,-0.13168159258725617,-0.24387228801142127,0.002882125403655107,-0.0069049797805651285,0.0,2.0,0.0,0.0
1627,0.013763676490332433,-0.31254764330491563,0.027424186001455304,-0.024555057257716804,-0.037246421031682374,0.0,2.0,0.0,0.0
1628,0.013586343937856026,-0.2891857363932282,0.0009995336801406811,0.0021606948635782375,-0.007564946701919656,0.0,2.0,0.0,0.0
1629,0.013383939211458265,-0.27279830802031635,-0.0897613766225839,-0.02583322332144727,-0.03770738196556081,0.0,2.0,0.0,0.0
1630,0.013156835827850133,0.16392087479363132,-0.02610325056426173,0.0014352789305030068,-0.008210949167324911,0.0,2.0,0.0,0.0
1631,0.012905452882526198,0.39887637946679566,0.018633680280140848,-0.027063714880578394,-0.038098760584279176,0.0,2.0,0.0,0.0
1632,0.012630254276367636,-0.35327902300799696,-0.04660007507444906,0.0007072120158323634,-0.008841799844175224,0.0,2.0,0.0,0.0
1633,0.01233174785956215,0.03247422762768381,-0.00918544340179954,-0.028244263339908513,-0.038419798367817906,0.0,2.0,0.0,0.0
1634,0.012010484494419115,-0.17556776903681443,-0.03598058143086492,-2.2158182340680105e-05,-0.009456336275766539,0.0,2.0,0.0,0.0
1635,0.011667057038811168,-0.38879704212094357,-0.056761519997139145,-0.029372690099923732,-0.038669936827643095,0.0,2.0,0.0,0.0
1636,0.011302099252117616,-0.43572017346867414,-0.0709284701171134,-0.0007514880470600335,-0.010053421399344181,0.0,2.0,0.0,0.0
1637,0.010916284625686631,0.24003885440121747,0.03398810334667794,-0.030446913770979644,-0.03884873177931185,0.0,2.0,0.0,0.0
1638,0.010510325139979227,-0.18087166557943266,-0.013696775813721328,-0.0014794328675628526,-0.01063195534971999,0.0,2.0,0.0,0.0
1639,0.01008496995068258,-0.3610723605484251,-0.004700385290720865,-0.031464947551495266,-0.038955856343849064,0.0,2.0,0.0,0.0
1640,0.009641004006222347,0.20951356395748386,0.018877110868714908,-0.002204647584121222,-0.011190866632315902,0.0,2.0,0.0,0.0
1641,0.00917924659922232,-0.43115217416631096,-0.020541309919461462,-0.032424915496236786,-0.038991111700006756,0.0,2.0,0.0,0.0
1642,0.008700549854586364,-0.1876978279712756,0.15111305932826918,-0.0029257903627061626,-0.011729121864326873,0.0,2.0,0.0,0.0
1643,0.008205797156990297,-0.5868747014794075,-0.10268931908461985,-0.033324984333266826,-0.038954378564141634,0.0,2.0,0.0,0.0
1644,0.00769590152068848,0.15721306429637433,-0.13618065771713636,-0.0036415333785223955,-0.012245731200499965,0.0,2.0,0.0,0.0
1645,0.007171803904642393,-0.24856540000876323,0.012147801645752354,-0.03416357874798883,-0.03884577183103852,0.0,2.0,0.0,0.0
1646,0.006634471476077598,-0.3255455061835641,0.06162223711909416,-0.004350554435311085,-0.01273974424046499,0.0,2.0,0.0,0.0
1647,0.006084895825680401,-0.02553892244434188,-0.16578265646286888,-0.034939174484002675,-0.038665478647363874,0.0,2.0,0.0,0.0
1648,0.005524091137719052,0.26204290440251227,0.12758151740122067,-0.0050515481385314965,-0.013210249819718339,0.0,2.0,0.0,0.0
1649,0.004953092318474584,-0.23694494472815333,0.12210917237952384,-0.03565023583495719,-0.03841385528905922,0.0,2.0,0.0,0.0
1650,0.004372953086428436,0.18472411743619452,-0.136984726243643,-0.005743220409700386,-0.013656377846726209,0.0,2.0,0.0,0.0
1651,0.0037847440277359694,0.14167784558310184,0.054883171669787637,-0.03629551720708608,-0.03809133668241073,0.0,2.0,0.0,0.0
1652,0.0031895506205727045,-0.08061681242658794,-0.264278817746415,-0.006424293174945278,-0.014077303682754831,0.0,2.0,0.0,0.0
1653,0.0025884712319959482,-0.6005419892804633,-0.07033197544415534,-0.03687383175876614,-0.03769850338845704,0.0,2.0,0.0,0.0
1654,0.0019826150910262504,0.15150376388350356,-0.06412230853977757,-0.007093507900451424,-0.014472250843492462,0.0,2.0,0.0,0.0
1655,0.0013731002416793182,0.06468829733580625,-0.08753102423598288,-0.03738410305736644,-0.03723611307800355,0.0,2.0,0.0,0.0
1656,0.0007610514797339427,-0.2825381200356845,0.01628552226273483,-0.007749636561920982,-0.014840492482195457,0.0,2.0,0.0,0.0
1657,0.00014759827703886497,-0.0753008264569663,0.07096691806121258,-0.037825403620698514,-0.03670499974293733,0.0,2.0,0.0,0.0
1658,-0.0004661273028083437,-0.09404021286438569,-0.19269524573013477,-0.00839146271635703,-0.01518134783454376,0.0,2.0,0.0,0.0
1659,-0.0010789926935672307,0.06280964865893392,0.014833890211972754,-0.038196889095264516,-0.036106152689079525,0.0,2.0,0.0,0.0
1660,-0.001689866916386159,0.13228643716586103,-0.04877471628844436,-0.009017803084992924,-0.015494188298944972,0.0,2.0,0.0,0.0
1661,-0.0022976226669044497,-0.2818194130095615,-0.13165089589136403,-0.038497885437941845,-0.03544067804421702,0.0,2.0,0.0,0.0
1662,-0.0029011383955766528,-0.18612614191008064,0.06634506805232822,-0.00962750217104394,-0.015778436417342445,0.0,2.0,0.0,0.0
1663,-0.003499300377371888,-0.17105930551719614,-0.06783106821932564,-0.03872784248154196,-0.03470980965783788,0.0,2.0,0.0,0.0
1664,-0.004091004767038878,-0.12706500346592214,0.08499595857977976,-0.010219435239133934,-0.01603356667750746,0.0,2.0,0.0,0.0
1665,-0.00467515963613568,-0.3362564323239997,-0.07105879826026477,-0.038886340603104516,-0.03391488488495514,0.0,2.0,0.0,0.0
1666,-0.005250686988069574,-0.31098877755604065,0.0679482696343899,-0.010792510372482337,-0.016259110357337365,0.0,2.0,0.0,0.0
1667,-0.00581652474742606,-0.2300530575809672,0.05356682262724537,-0.038973091444998866,-0.03305737703274858,0.0,2.0,0.0,0.0
1668,-0.006371628719918861,-0.18577613299645776,-0.10218503250799121,-0.011345670402468042,-0.0164546493324182,0.0,2.0,0.0,0.0
1669,-0.006914974519340472,-0.07739553003378412,-0.11383337442427709,-0.03898793724070314,-0.032138859825199054,0.0,2.0,0.0,0.0
1670,-0.007445559457958845,-0.18728006571960745,-0.0017667953750633153,-0.011877893763720521,-0.016619830155120023,0.0,2.0,0.0,0.0
1671,-0.007962404396874482,-0.17648395639754202,0.16392167342007563,-0.03893083335614916,-0.031161013798330185,0.0,2.0,0.0,0.0
1672,-0.008464555552916187,0.21039229196387574,-0.14547222003438334,-0.01238819692843256,-0.01675433853927148,0.0,2.0,0.0,0.0
1673,-0.008951086258749885,-0.0072496849956465974,-0.12122867252306158,-0.03880186737368084,-0.030125667135255448,0.0,2.0,0.0,0.0
1674,-0.009421098672945348,0.21310696009671817,-0.04521625704416089,-0.012875635001607951,-0.016857928453160947,0.0,2.0,0.0,0.0
1675,-0.00987372543684803,-0.16277329898905865,0.04424550903450916,-0.03860130522423023,-0.029034729551191785,0.0,2.0,0.0,0.0
1676,-0.010308131275199634,0.12803797046630047,0.018043763832971887,-0.013339310372347308,-0.016930408248902833,0.0,2.0,0.0,0.0
1677,-0.01072351453754974,-0.5311782963896071,0.12485649932732101,-0.03832949366774565,-0.02789020383951258,0.0,2.0,0.0,0.0
1678,-0.011119108677619388,-0.24792561603564525,0.05328104664238137,-0.013778375416228334,-0.016971645013621903,0.0,2.0,0.0,0.0
1679,-0.011494183667879987,-0.207489746855492,-0.0028553971953512933,-0.037986914585926734,-0.026694219093537582,0.0,2.0,0.0,0.0
1680,-0.01184804734674409,-0.09920603436469536,-0.004081994922407619,-0.014192011544193701,-0.016981563182176876,0.0,2.0,0.0,0.0
1681,-0.012180046695876412,-0.6873949199521217,0.0856664494688916,-0.03757423354646743,-0.02544897072907786,0.0,2.0,0.0,0.0
1682,-0.012489569045270954,-0.05861457557335905,-0.060105177295469187,-0.014579460655239053,-0.016960143968245734,0.0,2.0,0.0,0.0
1683,-0.012776043203868895,-0.3003721313840162,-0.03199096974313098,-0.037092268158670054,-0.02415676841532132,0.0,2.0,0.0,0.0
1684,-0.013038940513632444,-0.056126795741970444,0.12354818781255253,-0.014940004873098392,-0.016907427253135265,0.0,2.0,0.0,0.0
1685,-0.013277775825127512,-0.02978176899829352,0.1176252599296147,-0.036541846173957435,-0.02281999719016648,0.0,2.0,0.0,0.0
1686,-0.01349210839281587,-0.05472720629623195,0.11988617765957442,-0.015272978968699101,-0.016823509526016616,0.0,2.0,0.0,0.0
1687,-0.013681542688405664,-0.4144042701411635,0.13357560682541741,-0.03592398666840597,-0.021441119634264753,0.0,2.0,0.0,0.0
1688,-0.013845729130756438,-0.18709547940882842,-0.04562521081784942,-0.015577768004711647,-0.01670854497602968,0.0,2.0,0.0,0.0
1689,-0.013984364730995244,-0.01344087825076694,-0.12347992304236087,-0.03523982488627246,-0.02002267599233616,0.0,2.0,0.0,0.0
1690,-0.014097193651650516,0.09884741997474811,0.04422609504114514,-0.015853809449762096,-0.01656274565516922,0.0,2.0,0.0,0.0
1691,-0.014184007678773402,-0.2115447585374198,-0.14595915200995843,-0.03449062478311477,-0.018567282702712816,0.0,2.0,0.0,0.0
1692,-0.014244646606174692,-0.743424212749156,0.0228145480833645,-0.01610059391662967,-0.016386378995624902,0.0,2.0,0.0,0.0
1693,-0.014278998531068713,0.16433284909318457,0.034772123715189396,-0.03367777111347126,-0.017077618814862285,0.0,2.0,0.0,0.0
1694,-0.01428700006057807,-0.13430032787571697,0.04579623119622287,-0.016317666153824,-0.0161797763756254,0.0,2.0,0.0,0.0
1695,-0.014268636428718598,0.13294068895142772,0.06821500519633605,-0.032802766780819205,-0.015556441219853352,0.0,2.0,0.0,0.0
1696,-0.014223941523648406,-0.010993832227612238,-0.04233513811518345,-0.016504625618021834,-0.015943315404399243,0.0,2.0,0.0,0.0
1697,-0.014152997825130914,-0.15379370831462502,-0.14414767255687042,-0.03186722669051344,-0.014006545312753913,0.0,2.0,0.0,0.0
1698,-0.014055936252326998,0.008737626924419314,-0.08810062603319029,-0.016661130358994587,-0.015677431928029343,0.0,2.0,0.0,0.0
1699,-0.013932935922197406,-0.4219962937354413,-0.12767210205351948,-0.030872917408000192,-0.012430788569697294,0.0,2.0,0.0,0.0
1700,-0.013784223818961338,-0.10302319346056464,0.009817930074437502,-0.016786886358964352,-0.015382615577643503,0.0,2.0,0.0,0.0
1701,-0.01361007437522061,0.23310585903288952,-0.053147942643558994,-0.02982158623642398,-0.010832071043216776,0.0,2.0,0.0,0.0
1702,-0.013410808965523206,-0.051201860874290094,0.13446315344873272,-0.01688166337840916,-0.015059410088852435,0.0,2.0,0.0,0.0
1703,-0.013186795313300114,0.002243994864737657,-0.11077904813366678,-0.028715221805922467,-0.009213340564759575,0.0,2.0,0.0,0.0
1704,-0.01293844681227066,-0.41960050681530947,-0.06781640700740035,-0.016945291586665755,-0.014708410546674927,0.0,2.0,0.0,0.0
1705,-0.012666221763566842,0.04392171078172213,-0.22856338962779973,-0.027555893616830193,-0.007577575797858188,0.0,2.0,0.0,0.0
1706,-0.012370622529987775,-0.16183069844997636,-0.13616319609747315,-0.016977648555827035,-0.014330264275800598,0.0,2.0,0.0,0.0
1707,-0.012052194608940863,-0.11101713658190726,-0.19850104921177308,-0.02634570552543082,-0.005927795093099654,0.0,2.0,0.0,0.0
1708,-0.011711525625783807,0.10311641001265584,0.17449127684745863,-0.016978675661872913,-0.013925668026896891,0.0,2.0,0.0,0.0
1709,-0.011349244249423964,-0.39984411420266747,0.1437204570794725,-0.025086894797969723,-0.0042670442198208544,0.0,2.0,0.0,0.0
1710,-0.01096601903217496,-0.22066702661104562,0.05548578059478277,-0.01694837119684983,-0.013495369434932592,0.0,2.0,0.0,0.0
1711,-0.01056255717601454,-0.6305430878302067,-0.06882452928633331,-0.023781791157804964,-0.002598400216720906,0.0,2.0,0.0,0.0
1712,-0.010139603227515894,-0.24511951244419425,-0.004530105919511066,-0.01688678902783434,-0.013040164227867338,0.0,2.0,0.0,0.0
1713,-0.009697937703866838,0.16659093303262504,0.0429067409124769,-0.02243280809841526,-0.000924966094859505,0.0,2.0,0.0,0.0
1714,-0.009238375652505652,0.3800062462260966,-0.05251294276864136,-0.016794042970114352,-0.01256089461908997,0.0,2.0,0.0,0.0
1715,-0.008761765147036976,0.18830476898899312,-0.009237575506206307,-0.021042445289667706,0.0007501339630453271,0.0,2.0,0.0,0.0
1716,-0.00826898572220134,-0.16012885724831957,-0.18525093078584895,-0.01667030065744985,-0.012058448451441307,0.0,2.0,0.0,0.0
1717,-0.007760946750785035,0.027250315041970154,0.0189491693369622,-0.019613253955920437,0.0024237647592304594,0.0,2.0,0.0,0.0
1718,-0.007238585765468559,-0.12036283049561448,-0.08845032883802939,-0.016515796384810336,-0.01153375611453637,0.0,2.0,0.0,0.0
1719,-0.006702866728707968,-0.39371279536239007,-0.1409435054325206,-0.018147871556604415,0.004092817529321072,0.0,2.0,0.0,0.0
1720,-0.006154778253844085,0.49280710646197146,-0.06935131722188417,-0.01633081175273387,-0.010987775507554021,0.0,2.0,0.0,0.0
1721,-0.005595331780718206,-0.1079449313943023,0.1042726798513155,-0.016648995322494232,0.005754406056152552,0.0,2.0,0.0,0.0
1722,-0.0050255597091683965,0.03561844522936691,0.028451040844364207,-0.01611569433977536,-0.010421530042463214,0.0,2.0,0.0,0.0
1723,-0.00444651349384179,-0.29754567957652456,-0.04039933414285378,-0.015119405927515449,0.007405318925119755,0.0,2.0,0.0,0.0
1724,-0.003859261703845936,-0.2358445588823955,-0.0258752511924068,-0.015870839537244212,-0.00983604810274557,0.0,2.0,0.0,0.0
1725,-0.003264888050817096,0.14374177019876794,-0.042773760144724955,-0.013561919656022629,0.009042579668790069,0.0,2.0,0.0,0.0
1726,-0.0026644893890428244,0.06127607488131026,0.10593291883691364,-0.015596697749555388,-0.00923241312367393,0.0,2.0,0.0,0.0
1727,-0.0020591736913331015,0.2731871348173898,0.09900231664820378,-0.01197940830617692,0.010663111695290925,0.0,2.0,0.0,0.0
1728,-0.001450058004372232,0.03687184021865824,-0.000606987002316298,-0.015293774393165226,-0.008611740798398203,0.0,2.0,0.0,0.0
1729,-0.0008382663873272596,-0.05382437112217161,-0.04483789867263167,-0.010374788273749729,0.012264012215701751,0.0,2.0,0.0,0.0
1730,-0.0002249278375123548,-0.0688504229245752,-0.04079681949989663,-0.01496262893681104,-0.007975176497792775,0.0,2.0,0.0,0.0
1731,0.0003888257930545844,-0.1119924246967897,0.10927660002231922,-0.008751022621814836,0.013842288220535544,0.0,2.0,0.0,0.0
1732,0.0010018618863684417,-0.10913570965183413,-0.016564534497872735,-0.014603871494989538,-0.007323895145584006,0.0,2.0,0.0,0.0
1733,0.0016130491485639043,-0.16814944839187368,0.10625657081778611,-0.007111102194009435,0.015395021659266706,0.0,2.0,0.0,0.0
1734,0.0022212596975991292,0.25616057832907346,0.04556114753100101,-0.01421816471554397,-0.006659099675253977,0.0,2.0,0.0,0.0
1735,0.0028253711446450656,-0.10618473396660448,-0.06596855481078856,-0.0054580564313661695,0.016919331482575302,0.0,2.0,0.0,0.0
1736,0.0034242686653356046,-0.14591252860323942,-0.04423126615737454,-0.013806220209121185,-0.005982015796275769,0.0,2.0,0.0,0.0
1737,0.004016847057059515,-0.08931684809876145,-0.10949169953400556,-0.0037949414197358034,0.018412426101626217,0.0,2.0,0.0,0.0
1738,0.004602012778495065,-0.05568055937885732,-0.028854827187181693,-0.013368799237965476,-0.005293893034827571,0.0,2.0,0.0,0.0
1739,0.005178685967628067,0.24769679081781357,-0.015743906938456044,-0.002124841405043044,0.019871546484747468,0.0,2.0,0.0,0.0
1740,0.005745802434521538,-0.2793596891695453,-0.058838533353685996,-0.012906707791277762,-0.004596000886748535,0.0,2.0,0.0,0.0
1741,0.006302315625168074,-0.12786882124562246,0.08497755846498481,-0.00045079477961803606,0.021294003878496663,0.0,2.0,0.0,0.0
1742,0.0068471985527957585,0.23422946658807295,-0.022174877583764123,-0.0124207948947296,-0.003889626703194326,0.0,2.0,0.0,0.0
1743,0.007379445693064065,0.03337123286617506,0.17090370671756572,0.001224138582916985,0.022677176351214943,0.0,2.0,0.0,0.0
1744,0.007898074839654006,0.13360888029431195,-0.020078030417028405,-0.011911959874206181,-0.0031760759971399856,0.0,2.0,0.0,0.0
1745,0.00840212891682612,0.1870779368214825,-0.11544017459155594,0.0028968138256707096,0.02401847926384772,0.0,2.0,0.0,0.0
1746,0.0088906777456053,0.014207756258753229,0.04667483886534003,-0.011381144468511942,-0.0024566645492823105,0.0,2.0,0.0,0.0
1747,0.009362819760326269,0.07122390904590722,-0.1070162011002029,0.004564138697475104,0.025315458415639504,0.0,2.0,0.0,0.0
1748,0.009817683672380366,-0.5344415499698406,-0.2291918351047628,-0.010829325590746265,-0.0017327193732154878,0.0,2.0,0.0,0.0
1749,0.01025443007808667,0.13032890677450804,-0.11908188026365146,0.006223036492487612,0.02656572983905894,0.0,2.0,0.0,0.0
1750,0.010672253007723126,0.17092650344023827,0.2632211150244367,-0.010257521845278075,-0.0010055767967114535,0.0,2.0,0.0,0.0
1751,0.011070381412860068,0.06309086974096419,0.1568681843232511,0.007870449672891107,0.0277669783025694,0.0,2.0,0.0,0.0
1752,0.011448080589248706,-0.05962115493678934,0.01571816433149187,-0.009666785800900784,-0.0002765786551981659,0.0,2.0,0.0,0.0
1753,0.011804653532641091,-0.19686369792557,-0.032070405800719216,0.009503342279162446,0.02891698696405314,0.0,2.0,0.0,0.0
1754,0.012139442225037824,-0.19927037782972334,0.1821875640726219,-0.009058212827903454,0.00045292978930823577,0.0,2.0,0.0,0.0
1755,0.012451828848992574,0.1318567590439795,-0.0045505677273802,0.011118691935982427,0.030013633543481303,0.0,2.0,0.0,0.0
1756,0.012741236927727871,-0.013541720814907851,-0.24132482361558155,-0.00843292331221677,0.0011816023311612936,0.0,2.0,0.0,0.0
1757,0.013007132388963786,-0.3364151363665574,0.1468029796609846,0.012713523153992528,0.03105489423852241,0.0,2.0,0.0,0.0
1758,0.01324902455049188,0.14747132617811895,0.059604712166736774,-0.0077920709517372375,0.0019080943054925288,0.0,2.0,0.0,0.0
1759,0.013466467025677603,0.1564459324737753,-0.11289426945747821,0.014284841982120927,0.03203884745905553,0.0,2.0,0.0,0.0
1760,0.013659058547220533,-0.15143118253488735,-0.10494071900568674,-0.007136838587442929,0.0026310650697634907,0.0,2.0,0.0,0.0
1761,0.013826443707650786,-0.06260220222395092,0.32925638497198495,0.015829839951134718,0.03296367737306365,0.0,2.0,0.0,0.0
1762,0.013968313615196385,-0.3527127471085003,0.019656114689299013,-0.0064684346764806305,0.0033491804778908426,0.0,2.0,0.0,0.0
1763,0.014084406463810453,-0.12401920960920587,0.1779127050718703,0.017345640205313703,0.03382767725737551,0.0,2.0,0.0,0.0
1764,0.014174508016307274,-0.08452603123678112,0.03026845959992331,-0.005788094111788372,0.004061115342372984,0.0,2.0,0.0,0.0
1765,0.014238451999714054,0.3311848064651537,-0.13619356329036192,0.018829420103774874,0.03462925264706375,0.0,2.0,0.0,0.0
1766,0.014276120412110575,-0.06743447655906763,-0.06584766330043909,-0.005097071836279478,0.00476555587988316,0.0,2.0,0.0,0.0
1767,0.014287443740389367,-0.11645887640898514,0.12376131973149758,0.020278454101355783,0.03536692427769696,0.0,2.0,0.0,0.0
1768,0.01427240108853472,-0.40947893545453345,0.03273055920108099,-0.004396645287512601,0.005461202135806616,0.0,2.0,0.0,0.0
1769,0.014231020216184196,0.04795947556845294,0.01934284608656917,0.021690061771589327,0.036039330815003705,0.0,2.0,0.0,0.0
1770,0.014163377487401152,-0.08163857374088464,0.034497813090296855,-0.0036881030085200504,0.006146770383252623,0.0,2.0,0.0,0.0
1771,0.014069597729752675,0.22128009953445807,-0.04713902146125476,0.023061643963443984,0.03664523136691766,0.0,2.0,0.0,0.0
1772,0.013949854003953693,0.060627590887941216,0.10401351355983783,-0.002972756562440903,0.006820995492118913,0.0,2.0,0.0,0.0
1773,0.013804367284501292,0.14925750911083777,0.003447698836550321,0.024390665128923437,0.03718350777337076,0.0,2.0,0.0,0.0
1774,0.013633406051889502,0.23279568493434255,-0.3371739563365382,-0.0022519220470718446,0.007482633263827594,0.0,2.0,0.0,0.0
1775,0.0134372857971569,0.19058356988588415,0.14850759065511165,0.025674677572463916,0.03765316666959985,0.0,2.0,0.0,0.0
1776,0.013216368439680616,-0.06681150956683349,-0.04642338659103405,-0.0015269318539182146,0.008130462727432213,0.0,2.0,0.0,0.0
1777,0.012971061659292269,0.09043023890466612,0.008832244215963531,0.02691130720459276,0.03805334131916619,0.0,2.0,0.0,0.0
1778,0.012701818143947415,-0.10455582662662004,0.036350189242082304,-0.0007991238502329258,0.008763288392853317,0.0,2.0,0.0,0.0
1779,0.012409134754337837,0.5768706370143208,0.024365563548895054,0.02809827383468446,0.038383293213300605,0.0,2.0,0.0,0.0
1780,0.01209355160698616,0.48649947402544014,-0.09447960860992623,-6.984118878896857e-05,0.00937994245709205,0.0,2.0,0.0,0.0
1781,0.011755651077518777,0.27595862043354374,-0.11030985551816036,0.02923338581253956,0.03864241343362695,0.0,2.0,0.0,0.0
1782,0.011396056725951561,0.023180422354560897,-0.05174851306045746,0.0006595704052625234,0.009979286959341865,0.0,2.0,0.0,0.0
1783,0.011015432145975586,-0.05778534734255969,-0.060717951433011105,0.030314551038745807,0.03883022377574337,0.0,2.0,0.0,0.0
1784,0.010614479740364917,0.07626324308941902,0.010754779583832164,0.001387761205536788,0.010560215881026059,0.0,2.0,0.0,0.0
1785,0.010193939424765144,0.2742905686391243,0.09710522902705357,0.031339710161570895,0.03894637763159158,0.0,2.0,0.0,0.0
1786,0.009754587262257102,-0.16090917299730825,-0.02437633557816815,0.0021133904667328257,0.011121657186889435,0.0,2.0,0.0,0.0
1787,0.009297234031213502,0.3016697418327374,0.04808794791818408,0.03230705889113643,0.03899066062898536,0.0,2.0,0.0,0.0
1788,0.00882272372909319,0.17949603955471552,0.04126190716754524,0.0028351174359733614,0.01166257480336971,0.0,2.0,0.0,0.0
1789,0.008331932014930573,0.24566565136273555,0.024021260780793852,0.03321483565716757,0.03896299102711565,0.0,2.0,0.0,0.0
1790,0.007825764593400663,0.07841328350677892,0.11485688535082916,0.003551613929673009,0.012181970530604746,0.0,2.0,0.0,0.0
1791,0.007305155543435127,0.6006972359565934,-0.04970137853254977,0.034061260096751325,0.038863419867304266,0.0,2.0,0.0,0.0
1792,0.00677106559447642,-0.11907056220705883,-0.03916291486561045,0.004261556727539292,0.012678885884542638,0.0,2.0,0.0,0.0
1793,0.006224480353554538,0.19600605799192164,0.11916929827201675,0.03484483384963433,0.038692130878727346,0.0,2.0,0.0,0.0
1794,0.0056664084864506215,0.18093059332243572,-0.2081856874876215,0.004963634357626647,0.013152403865761348,0.0,2.0,0.0,0.0
1795,0.005097879856310828,-0.20341958659152934,-0.1531680980825475,0.035564120543737573,0.038449440139281255,0.0,2.0,0.0,0.0
1796,0.004519943623141471,0.13413990775311196,-0.04723782389208395,0.005656549040764386,0.013601650651726848,0.0,2.0,0.0,0.0
1797,0.003933666307695123,0.29474749251854643,0.056738506087375185,0.03621777919155056,0.03813579549221799,0.0,2.0,0.0,0.0
1798,0.003340129823316223,-0.05061536040188188,0.09414144210185056,0.006339029477071311,0.014025797209370722,0.0,2.0,0.0,0.0
1799,0.0027404294793858973,-0.10768366549855193,-0.011653975879131216,0.03680461775025051,0.03775177571962671,0.0,2.0,0.0,0.0
1800,0.0021356719600419266,0.02564450623952594,-0.06997733796908263,0.007009810308665573,0.014424060825014049,0.0,2.0,0.0,0.0
1801,0.0015269732819089415,-0.2860663192506008,0.14046101098052816,0.037323522931278705,0.03729808947428351,0.0,2.0,0.0,0.0
1802,0.0009154567346072912,0.11407614059935504,-0.14857077339441818,0.007667655472736204,0.014795706548808431,0.0,2.0,0.0,0.0
1803,0.0003022508078393662,-0.2665694430393032,0.09867296392759392,0.03777355905178345,0.03677557397184471,0.0,2.0,0.0,0.0
1804,-0.00031151289111886897,0.0746977488377638,-0.04911475819915493,0.008311352077992077,0.01514004855103377,0.0,2.0,0.0,0.0
1805,-0.0009247017256827456,0.10045459768294428,0.017502825108118566,0.03815391030932099,0.03618519344579335,0.0,2.0,0.0,0.0
1806,-0.0015361841201181703,-0.14660016357444888,0.037005816814123786,0.00893971170335519,0.015456451387746685,0.0,2.0,0.0,0.0
1807,-0.002144831647748288,0.38399449578705624,0.22516358385266033,0.03846385890519492,0.035528037367993794,0.0,2.0,0.0,0.0
1808,-0.002749521113345842,0.05746476521447281,-0.15687994282131673,0.009551571740743994,0.01574433112459346,0.0,2.0,0.0,0.0
1809,-0.003349136625871661,0.43485742389658055,-0.11496412078413118,0.03870278649950326,0.0348053175270825,0.0,2.0,0.0,0.0
1810,-0.003942571657735832,-0.022943870193457786,-0.03702927491803431,0.010145806073964174,0.016003154524759054,0.0,2.0,0.0,0.0
1811,-0.004528731086777602,0.2494342849131957,-0.09224859956176033,0.03887031014008401,0.03401837336799353,0.0,2.0,0.0,0.0
1812,-0.00510653321719895,0.3342340317912692,-0.06730097779278976,0.010721316753825734,0.01623244734710399,0.0,2.0,0.0,0.0
1813,-0.0056749117757198785,0.2952862732219104,-0.005438908649217755,0.03896609731053908,0.033168669142764284,0.0,2.0,0.0,0.0
1814,-0.006232817879276082,0.22025286846826087,-0.009159451988941233,0.011277042512258799,0.016431782890664152,0.0,2.0,0.0,0.0
1815,-0.006779221970620275,0.08265015731415887,0.007335941139674701,0.03898998212168677,0.032257758396070285,0.0,2.0,0.0,0.0
1816,-0.007313115718263357,0.28110130734691746,-0.18026340634422153,0.011811959251888278,0.016600799360960695,0.0,2.0,0.0,0.0
1817,-0.007833513877245528,0.7134540564920372,-0.0887596093938687,0.038941936682984866,0.03128729714955626,0.0,2.0,0.0,0.0
1818,-0.008339456107300329,0.027279291289086634,-0.02897467564246335,0.012325072074714935,0.016739182207621814,0.0,2.0,0.0,0.0
1819,-0.008830008745063884,0.4740770724259087,0.05889250842154707,0.038821997086490485,0.03025910654468368,0.0,2.0,0.0,0.0
1820,-0.009304266527051934,0.06796196613681328,0.10786372451874755,0.012815442311893972,0.01684667447078407,0.0,2.0,0.0,0.0
1821,-0.009761354260229027,0.39631368227272024,-0.046711392987361634,0.03863041353864079,0.029175069901105376,0.0,2.0,0.0,0.0
1822,-0.01020042843708483,0.2307349621885657,-0.08906773453763481,0.013282164598079278,0.016923077907024263,0.0,2.0,0.0,0.0
1823,-0.010620678792240445,0.45981435193222703,-0.04596414756435025,0.03836753718248269,0.02803719092154091,0.0,2.0,0.0,0.0
1824,-0.011021329797706354,-0.09262568676669537,-0.03151667287067532,0.013724380666220145,0.01696825216724514,0.0,2.0,0.0,0.0
1825,-0.011401642094038976,0.48203182218401325,0.018545127261776137,0.038033933246142924,0.026847575016275292,0.0,2.0,0.0,0.0
1826,-0.011760913854751741,0.0916730745973779,-0.0910951140819201,0.014141264024314964,0.016982113538385534,0.0,2.0,0.0,0.0
1827,-0.012098482081460693,0.0595550463808293,-0.006134387997712969,0.037630087658981855,0.02560841343641024,0.0,2.0,0.0,0.0
1828,-0.012413723827379899,-0.4188361550864427,-0.021646519134680846,0.014532049329010817,0.01696463622067341,0.0,2.0,0.0,0.0
1829,-0.01270605734690383,0.47253046686184813,-0.013905579841445626,0.037156798926442594,0.02432199191296131,0.0,2.0,0.0,0.0
1830,-0.01297494316915814,0.08687384297418989,-0.019054747430112474,0.014896014945560917,0.01691585335075658,0.0,2.0,0.0,0.0
1831,-0.013219885093536181,0.03574351707644187,0.022908763520630693,0.036614941948595006,0.022990665984406092,0.0,2.0,0.0,0.0
1832,-0.013440431105386159,-0.27141274439417873,-0.017844677418484247,0.015232492688631336,0.016835854185361262,0.0,2.0,0.0,0.0
1833,-0.013636174210155722,0.175539908706849,0.06432587721469943,0.03600550599692759,0.021616924747652845,0.0,2.0,0.0,0.0
1834,-0.013806753184458368,0.28080297279615635,0.14645261348268557,0.015540860669520514,0.01672478696271353,0.0,2.0,0.0,0.0
1835,-0.01395185324267335,-0.12026957498829421,-0.016980270724911477,0.035329626900052494,0.020203307110255787,0.0,2.0,0.0,0.0
1836,-0.014071206617849373,0.18234765992362975,0.2733049015356046,0.015820549675472733,0.01658285723675295,0.0,2.0,0.0,0.0
1837,-0.014164593055840516,0.4899346670353722,0.08314915013520936,0.034588561231395226,0.018752424193068773,0.0,2.0,0.0,0.0
1838,-0.01423184022176206,0.20064853680645328,-0.05158926062528149,0.016071043103082116,0.016410325282459125,0.0,2.0,0.0,0.0
1839,-0.014272824018016725,0.006669549547826354,-0.10398520292934593,0.03378366573316683,0.017266947838990118,0.0,2.0,0.0,0.0
1840,-0.014287468813303473,-0.3366274466981783,0.14548133211368455,0.016291880282119874,0.01620750755332626,0.0,2.0,0.0,0.0
1841,-0.014275747582187357,0.2799260654439619,-0.12664056708480242,0.0329164290285383,0.01574959670736085,0.0,2.0,0.0,0.0
1842,-0.014237681954972032,-0.0691700407987985,-0.046124591330636386,0.01648265328813122,0.01597477912075711,0.0,2.0,0.0,0.0
1843,-0.01417334217778336,0.33676030594276757,-0.19893694938925824,0.03198844383804366,0.014203153623466797,0.0,2.0,0.0,0.0
1844,-0.014082846982937484,0.10470116483755636,-0.02766741995961406,0.01664301348074697,0.015712566839880017,0.0,2.0,0.0,0.0
1845,-0.013966363369832813,0.258061107459249,0.14375063324601026,0.031001401755033117,0.012630464308395633,0.0,2.0,0.0,0.0
1846,-0.013824106296770082,0.04250246303978185,0.06987515261576971,0.016772660867846866,0.015421358990459112,0.0,2.0,0.0,0.0
1847,-0.013656338284269586,-0.2918878918124631,0.06158259015819408,0.029957162775618777,0.01103443181464004,0.0,2.0,0.0,0.0
1848,-0.013463368930616492,0.4074210216068387,-0.07612296270093927,0.016871355131026625,0.015101687459824464,0.0,2.0,0.0,0.0
1849,-0.013245554340530347,0.2904946580880782,-0.0416781458158873,0.028857632113484327,0.00941798041758173,0.0,2.0,0.0,0.0
1850,-0.013003296468010885,0.3267318785679795,0.05429321536547689,0.01693891504615101,0.01475414243582222,0.0,2.0,0.0,0.0
1851,-0.01273704237457348,0.3981995280469497,0.03508830989093543,0.027704851104388667,0.0077841097033606735,0.0,2.0,0.0,0.0
1852,-0.012447283404245042,-0.03972566269861937,-0.04981170066089955,0.01697521558562557,0.0143793689979504,0.0,2.0,0.0,0.0
1853,-0.012134554276839191,0.4121611165013552,0.05835050299199603,0.026500941316443826,0.0061359055515022186,0.0,2.0,0.0,0.0
1854,-0.011799432101187298,0.31508873304148427,0.05805774905587813,0.01698018948821902,0.013978064309293214,0.0,2.0,0.0,0.0
1855,-0.011442535310144417,0.07090850914085779,0.010371644857451772,0.025248124715896367,0.004476485378862326,0.0,2.0,0.0,0.0
1856,-0.011064522519336865,-0.11775716897276158,0.13608202358910365,0.01695383317957211,0.013550970470531772,0.0,2.0,0.0,0.0
1857,-0.010666091311754751,0.18061099519075718,-0.06312183474680587,0.023948719645304678,0.0028088897220602195,0.0,2.0,0.0,0.0
1858,-0.010247976950437289,-0.6061213628715366,0.12880771915036787,0.016896189219880016,0.013098869447231294,0.0,2.0,0.0,0.0
1859,-0.009810951021621214,-0.1529934540746778,-0.03748016334286181,0.022605131946643403,0.0011360880436562203,0.0,2.0,0.0,0.0
1860,-0.009355820010858319,0.5004023943424586,-0.016762845000834185,0.01680736561804402,0.012622596573661441,0.0,2.0,0.0,0.0
1861,-0.008883423814732786,-0.3191197179059176,-0.10142989078783277,0.02121984213483999,-0.0005388255545697772,0.0,2.0,0.0,0.0
1862,-0.008394634190918276,-0.30767491263891117,0.030513785275509752,0.016687524880375625,0.012123037366133096,0.0,2.0,0.0,0.0
1863,-0.007890353149442062,0.2593757958723861,-0.11855409715023388,0.019795366684972192,-0.0022127212267840438,0.0,2.0,0.0,0.0
1864,-0.007371511288118096,0.7084803069997402,-0.06122719592979662,0.01653688308749194,0.011601103016511979,0.0,2.0,0.0,0.0
1865,-0.0068390660752284055,0.49654301886057717,0.022488243027475652,0.018334314240008618,-0.0038825314359377974,0.0,2.0,0.0,0.0
1866,-0.006294000082614781,-0.017545945322846753,0.008657813212306046,0.016355720670719533,0.011057758856248222,0.0,2.0,0.0,0.0
1867,-0.0057373191724442735,0.03910303720131274,0.054832699028606886,0.016839389914623495,-0.005545182422095047,0.0,2.0,0.0,0.0
1868,-0.005170050640998341,0.018216375177884516,0.053741510738512535,0.016144372626254348,0.010494006397016708,0.0,2.0,0.0,0.0
1869,-0.004593241322903218,0.03919399597942062,-0.04161083121570985,0.015313380150512472,-0.007197662878129863,0.0,2.0,0.0,0.0
1870,-0.00400795565930723,-0.1829846847079724,0.08831793592840008,0.01590323276080063,0.009910892787424772,0.0,2.0,0.0,0.0
1871,-0.0034152737335658287,-0.2168032481386778,0.0754686142793399,0.013759162713044192,-0.008836769751415919,0.0,2.0,0.0,0.0
1872,-0.0028162892780619316,0.07426243314824955,0.12260009399783678,0.015632749694715557,0.009309489850016752,0.0,2.0,0.0,0.0
1873,-0.0022121076558352616,0.3354150662429572,-0.00910796903195119,0.01217960849379386,-0.010459607330974684,0.0,2.0,0.0,0.0
1874,-0.0016038438207532633,0.3364495379454596,0.05703587821928954,0.015333422014028063,0.008690905485349237,0.0,2.0,0.0,0.0
1875,-0.0009926202599794117,-0.34080664779251924,0.06704851081208518,0.010577644626153822,-0.012063180783352064,0.0,2.0,0.0,0.0
1876,-0.00037956492253956,0.034152768561819986,0.01428107376489865,0.015005795482678181,0.008056285480775721,0.0,2.0,0.0,0.0
1877,0.00023419086218715246,0.3243727611951202,-0.142948789328871,0.00895608804742646,-0.013644488319071607,0.0,2.0,0.0,0.0
1878,0.0008475144722203331,-0.12551385833518833,0.14905184074667444,0.01465047036534444,0.007406797856275989,0.0,2.0,0.0,0.0
1879,0.0014592740831124928,0.08487100681832664,0.01197503185042837,0.007317961092504259,-0.015200616422840946,0.0,2.0,0.0,0.0
1880,0.002068340756612855,0.562659369857602,-0.13808287559691546,0.014268113283652142,0.006743639563059551,0.0,2.0,0.0,0.0
1881,0.0026735905240035827,0.5647411504228821,-0.05253998678036052,0.005666398856669155,-0.016728699947440043,0.0,2.0,0.0,0.0
1882,0.003273906460268465,0.6802183799209448,-0.049496197511201476,0.013859429498079712,0.006068038484887803,0.0,2.0,0.0,0.0
1883,0.003868180745258376,-0.0227730483164077,0.05821200732461647,0.004004423265078587,-0.018225909519061664,0.0,2.0,0.0,0.0
1884,0.004455316708058487,-0.02362779425047301,-0.11653963151617656,0.013425172166979058,0.005381237466498384,0.0,2.0,0.0,0.0
1885,0.005034230850780647,-0.05475174345062007,-0.02229088393508028,0.002335087101609666,-0.019689488158232734,0.0,2.0,0.0,0.0
1886,0.005603854848042687,0.2756404114542546,0.11050309895037635,0.012966141446848824,0.0046845079308703175,0.0,2.0,0.0,0.0
1887,0.006163137518453065,0.2936358390124775,0.004993658193560693,0.0006614533347922508,-0.021116731645985792,0.0,2.0,0.0,0.0
1888,0.006711046764455005,0.052419449170844214,0.03858818276065973,0.01248318424482835,0.003979133296601914,0.0,2.0,0.0,0.0
1889,0.0072465714769547485,0.057557062037953126,-0.023522718237655435,-0.0010134048857206933,-0.022505005511850674,0.0,2.0,0.0,0.0
1890,0.007768723401216882,-0.16160107429632453,0.00813130141457528,0.01197718870628971,0.003266413507599496,0.0,2.0,0.0,0.0
1891,0.008276538960585106,-0.2066314861448111,-0.061164940866788156,-0.002686419615275738,-0.02385175014807358,0.0,2.0,0.0,0.0
1892,0.008769081034663116,0.26742351414635684,-0.01119202602520131,0.011449091958192437,0.00254766580625064,0.0,2.0,0.0,0.0
1893,0.00924544068866992,-0.07444770221414988,0.024439660111017624,-0.004354521105851833,-0.02515447904627693,0.0,2.0,0.0,0.0
1894,0.009704738850785549,-0.22781637417536346,0.03119146522971059,0.01089986296889852,0.001824216818247288,0.0,2.0,0.0,0.0
1895,0.010146127934385156,0.2459958517495152,0.028487257798720935,-0.006014657426292055,-0.026410784268735967,0.0,2.0,0.0,0.0
1896,0.010568793402171596,0.20871665956110266,-0.0953510631804362,0.010330512635834711,0.0010974019252529752,0.0,2.0,0.0,0.0
1897,0.01097195526931798,-0.6367437129566715,-0.09414777199874184,-0.0076637867647175945,-0.02761834341789197,0.0,2.0,0.0,0.0
1898,0.011354869542849406,-0.2830208257581502,0.17482917014030946,0.009742087458011478,0.00036856103071741667,0.0,2.0,0.0,0.0
1899,0.011716829594602287,-0.23619383745741526,-0.014834356754972088,-0.009298892641625464,-0.028774949119445833,0.0,2.0,0.0,0.0
1900,0.012057167465233427,0.1116858779669944,0.10896398096428545,0.009135694835049337,-0.0003609604283316855,0.0,2.0,0.0,0.0
1901,0.012375255096869613,-0.23535247874098478,-0.028148721197105847,-0.01091660269884201,-0.02987845730897511,0.0,2.0,0.0,0.0
1902,0.012670505492121144,-0.24252919168677994,0.109053926719939,0.00851244377098716,-0.0010898158583100771,0.0,2.0,0.0,0.0
1903,0.012942373797325222,-0.0950123987965225,-0.10532324260330969,-0.012514160182857455,-0.030926828178567428,0.0,2.0,0.0,0.0
1904,0.013190358308015727,0.41620655530767164,-0.009930740868536106,0.007873483668254296,-0.0018166610091294813,0.0,2.0,0.0,0.0
1905,0.013414001394766426,0.014600933275595068,-0.012825681767267286,-0.01408862557714777,-0.03191813734800179,0.0,2.0,0.0,0.0
1906,0.013612890347697769,0.15470334459626742,0.11956384278525099,0.007219993261746008,-0.0025401537183576055,0.0,2.0,0.0,0.0
1907,0.013786658138090458,-0.19965521820526586,-0.2185871494230727,-0.015637098916303865,-0.03285054003830859,0.0,2.0,0.0,0.0
1908,0.01393498409569763,0.29414737135312996,-0.006881806177486531,0.006553182347491474,-0.0032589576512955624,0.0,2.0,0.0,0.0
1909,0.014057594500508648,0.21164278964872688,-0.007574239322138118,-0.017156645839518814,-0.033722276502337695,0.0,2.0,0.0,0.0
1910,0.014154263087870867,-0.21844062623686872,0.007216322389013476,0.0058742774930830785,-0.00397174714495297,0.0,2.0,0.0,0.0
1911,0.014224811466036836,0.003121661496652934,0.057335643354911064,-0.01864457801700734,-0.034531809983009906,0.0,2.0,0.0,0.0
1912,0.014269109445367988,0.15121626618027903,0.0055694193717651785,0.0051845314972044,-0.0046772020291957275,0.0,2.0,0.0,0.0
1913,0.014287075278585781,0.23987308336535804,-0.008533100935128959,-0.020098118333544912,-0.03527760632595616,0.0,2.0,0.0,0.0
1914,0.014278675811627787,-0.20381149234808976,-0.12027643912962806,0.0044852225569134395,-0.005374022774466697,0.0,2.0,0.0,0.0
1915,0.014243926544830037,-0.33530801615263084,0.12448620804937788,-0.02151453774915983,-0.035958327664508925,0.0,2.0,0.0,0.0
1916,0.014182891604322767,0.33810485324566303,0.19190768441449796,0.0037776389753112283,-0.006060932782994672,0.0,2.0,0.0,0.0
1917,0.014095683623692337,-0.39386168584804193,-0.0045223332081836265,-0.02289127971310565,-0.036572658679664485,0.0,2.0,0.0,0.0
1918,0.013982463536127915,0.1372020450603732,-0.028547965302996418,0.0030630768448837776,-0.0067366593214215655,0.0,2.0,0.0,0.0
1919,0.013843440277435762,-0.0216562286207645,-0.10585822391883125,-0.02422579278549064,-0.03711951556423895,0.0,2.0,0.0,0.0
1920,0.01367887040047062,0.004026886948151716,0.03207799070654886,0.002342861822784991,-0.00739994966484507,0.0,2.0,0.0,0.0
1921,0.013489057601693858,-0.3289997605760447,-0.05682053394758239,-0.02551560047382176,-0.037597875704165444,0.0,2.0,0.0,0.0
1922,0.0132743521607337,-0.569629863704704,-0.10037711277743558,0.0016183230944270461,-0.008049584768375749,0.0,2.0,0.0,0.0
1923,0.013035150293980745,-0.28860910289597813,-0.10084569836207341,-0.02675832062967803,-0.03800682193648679,0.0,2.0,0.0,0.0
1924,0.01277189342341238,-0.09920140431983937,-0.19650780251172473,0.0008907977900785944,-0.008684367561248341,0.0,2.0,0.0,0.0
1925,0.01248506736199475,-0.2780900003352326,-0.006535449343979927,-0.02795166045522837,-0.03834562909084569,0.0,2.0,0.0,0.0
1926,0.01217520141716515,0.2083281293049701,0.10858378206095019,0.00016163048882558256,-0.009303123405707941,0.0,2.0,0.0,0.0
1927,0.011842867414051857,0.19658854245191135,-0.0483972221230031,-0.029093417370155326,-0.038613691470940216,0.0,2.0,0.0,0.0
1928,0.011488678640229722,0.0868946986854117,0.06235533365447625,-0.000567837443101843,-0.009904709188220406,0.0,2.0,0.0,0.0
1929,0.011113288713962707,-0.1523773609587679,-0.2443914490125437,-0.030181485897510716,-0.03881053124100198,0.0,2.0,0.0,0.0
1930,0.010717390378019652,-0.007546183322793438,0.14080300195384204,-0.00129625574314501,-0.010488019865791646,0.0,2.0,0.0,0.0
1931,0.010301714221290757,0.18744212863935036,0.029527426602902487,-0.0312138583101466,-0.03893574757073896,0.0,2.0,0.0,0.0
1932,0.009867027330560857,-0.05309471049828322,0.0963044952698982,-0.0020222805635402978,-0.011051974967583965,0.0,2.0,0.0,0.0
1933,0.009414131874932936,0.5354774428479048,-0.20701216926324412,-0.03218857457486672,-0.03898907170092404,0.0,2.0,0.0,0.0
1934,0.008943863625508327,-0.13009525939364588,0.05177131309907184,-0.002744574144225073,-0.01159553563255284,0.0,2.0,0.0,0.0
1935,0.008457090413057746,0.06105360456044351,-0.008273929100099251,-0.03310390142148369,-0.03897044138411914,0.0,2.0,0.0,0.0
1936,0.007954710526532597,-0.05178934222150864,-0.2072106192488308,-0.0034618022086661793,-0.012117696872914686,0.0,2.0,0.0,0.0
1937,0.007437651055365107,0.013102012498142267,0.06929861817012599,-0.03395815447706414,-0.038879899826111314,0.0,2.0,0.0,0.0
1938,0.0069068661786227375,-0.09121698626911001,-0.05282603710621368,-0.004172643143997313,-0.0126174937825816,0.0,2.0,0.0,0.0
1939,0.006363335404170367,0.017213717929005085,-0.13558930940345582,-0.03474976161127305,-0.03871756681715499,0.0,2.0,0.0,0.0
1940,0.005808061761091898,-0.4549083376877235,-0.28507765612369185,-0.004875784143615544,-0.013094003142260675,0.0,2.0,0.0,0.0
1941,0.005242069948704124,0.06917210020891748,-0.17836885825730608,-0.035477242695726934,-0.03848375441747337,0.0,2.0,0.0,0.0
1942,0.004666404445582045,0.15712874169760485,0.21530636693073948,-0.005569921774293797,-0.013546347563091603,0.0,2.0,0.0,0.0
1943,0.0040821275820839,-0.23454464962072866,0.013988101787686627,-0.03613924149449611,-0.038178932967929236,0.0,2.0,0.0,0.0
1944,0.003490317579929702,-0.008906307194554966,-0.049698864551741176,-0.0062537829390214746,-0.013973693615177921,0.0,2.0,0.0,0.0
1945,0.0028920665624587584,-0.5385443667863032,-0.07030616220581073,-0.036734545718946444,-0.037803687309209355,0.0,2.0,0.0,0.0
1946,0.00228847853922836,-0.5253449063524434,0.014180245512929322,-0.00692610599436232,-0.01437525326530997,0.0,2.0,0.0,0.0
1947,0.0016806673686808184,0.09010136152374743,-0.03207955642868561,-0.037262066842220706,-0.03735870955242553,0.0,2.0,0.0,0.0
1948,0.0010697547026340386,-0.43691995145845564,-0.1761893233764779,-0.007585652549524297,-0.014750285180754321,0.0,2.0,0.0,0.0
1949,0.00045686791639144863,-0.021820443715667177,0.012855394948065355,-0.037720896145891435,-0.03684481483200615,0.0,2.0,0.0,0.0
1950,-0.000156861971712192,0.15985273188908278,0.07994239555637034,-0.008231198072039127,-0.015098098075428853,0.0,2.0,0.0,0.0
1951,-0.0007703023874859948,0.32586100984937505,-0.094211563209501,-0.03811005973371977,-0.036262954309831105,0.0,2.0,0.0,0.0
1952,-0.0013823212909291095,-0.26604032323357046,-0.1034755332991505,-0.008861551914797742,-0.015418054009580729,0.0,2.0,0.0,0.0
1953,-0.0019917892652941377,-0.025501666850502914,0.07883375014739077,-0.03842889397420843,-0.035614213088990904,0.0,2.0,0.0,0.0
1954,-0.0025975816013045494,-0.27462587311710934,-0.04397216448443883,-0.009475554624401252,-0.01570956116616861,0.0,2.0,0.0,0.0
1955,-0.003198580372690205,-0.20189868625042232,0.005830909218799404,-0.03867680764766022,-0.03489977709290666,0.0,2.0,0.0,0.0
1956,-0.0037936764992011333,-0.2692103723321316,0.09445815266781069,-0.01007207082302222,-0.015972080848414366,0.0,2.0,0.0,0.0
1957,-0.004381771793301275,-0.005557768771658859,0.04950306408609427,-0.03885333997416397,-0.03412095331906782,0.0,2.0,0.0,0.0
1958,-0.004961780986755934,-0.4311437440115547,0.07553026283207691,-0.010649990553670068,-0.016205127429065786,0.0,2.0,0.0,0.0
1959,-0.005532633733381771,-0.157138734271247,-0.2038663035311103,-0.038958177777149765,-0.03327915056147774,0.0,2.0,0.0,0.0
1960,-0.006093276584259626,-0.03650595150399568,-0.03159411621835091,-0.011208257186431307,-0.016408269124969704,0.0,2.0,0.0,0.0
1961,-0.006642674931761654,0.14689805370893952,-0.15434221943424328,-0.038991117347111845,-0.03237590278432706,0.0,2.0,0.0,0.0
1962,-0.007179814918813344,0.00733197999395916,-0.08160688505169567,-0.011745839856350766,-0.016581130001743438,0.0,2.0,0.0,0.0
1963,-0.007703705309859557,0.0952295178519884,0.01863899788719489,-0.03895210229421735,-0.031412871254059414,0.0,2.0,0.0,0.0
1964,-0.008213379320086228,-0.14744524710395604,-0.09653591484612672,-0.012261748295499867,-0.01672339122819277,0.0,2.0,0.0,0.0
1965,-0.008707896399519747,-0.03335386443322488,0.008591904019196808,-0.038841223840756944,-0.030391844879257737,0.0,2.0,0.0,0.0
1966,-0.009186343968714383,0.012005027468153961,0.1357632735762654,-0.012755035299694089,-0.016834791835759533,0.0,2.0,0.0,0.0
1967,-0.009647839102821479,-0.16136179208334192,0.04023009934950793,-0.038658666317915036,-0.029314743182334246,0.0,2.0,0.0,0.0
1968,-0.010091530160934163,-0.3630130662480448,0.02568032588683096,-0.013224781200818067,-0.016915126050204787,0.0,2.0,0.0,0.0
1969,-0.010516598357703024,-0.3559617202543325,0.007475135811910852,-0.038404755588555516,-0.02818356607958749,0.0,2.0,0.0,0.0
1970,-0.010922259274316608,0.013339381865556993,-0.04893646791777483,-0.01367011978254846,-0.016964243765107433,0.0,2.0,0.0,0.0
1971,-0.011307764306065728,-0.10536364877344842,-0.00067201275859749,-0.03807997890012375,-0.027000348222416332,0.0,2.0,0.0,0.0
1972,-0.011672402043814289,0.17121361145721647,-0.1258561515612921,-0.014090232550165921,-0.016982054805397283,0.0,2.0,0.0,0.0
1973,-0.012015499586830531,-0.15403976716431556,-0.06724598441595876,-0.03768491619857604,-0.02576728280046253,0.0,2.0,0.0,0.0
1974,-0.012336423784554382,-0.2315749697619942,0.07303920848330399,-0.014484343275371316,-0.01696852785773195,0.0,2.0,0.0,0.0
1975,-0.012634582405011141,-0.5906709364663676,-0.08583312652748384,-0.037220320154374924,-0.02448668570455774,0.0,2.0,0.0,0.0
1976,-0.012909425227713137,0.092174808042641,-0.05817943539808394,-0.014851724395206014,-0.01692368604533052,0.0,2.0,0.0,0.0
1977,-0.01316044505903368,0.3403643104732787,0.08998140164727776,-0.03668704155562137,-0.023160887140000173,0.0,2.0,0.0,0.0
1978,-0.013387178668180665,0.12175276767413634,-0.060939631519080564,-0.015191699731524384,-0.016847611451553987,0.0,2.0,0.0,0.0
1979,-0.01358920764203931,-0.6511266435893538,0.1755846799577335,-0.036086065235939525,-0.02179232361754547,0.0,2.0,0.0,0.0
1980,-0.013766159157310583,-0.321084658487192,-0.15174873251157753,-0.015503641127177722,-0.016740447782225353,0.0,2.0,0.0,0.0
1981,-0.01391770666851714,-0.04059054215852138,-0.1943795346907896,-0.03541849157148122,-0.02038357755249205,0.0,2.0,0.0,0.0
1982,-0.014043570510608897,-0.09309479067873472,-0.10042768108043475,-0.01578697257501377,-0.016602393389123653,0.0,2.0,0.0,0.0
1983,-0.014143518415055449,-0.22641009513348095,-0.10999376250463888,-0.03468555903299077,-0.018937252432278097,0.0,2.0,0.0,0.0
1984,-0.014217365938473394,-0.012912626543109115,-0.19820997329179232,-0.016041171055136364,-0.01643370172635628,0.0,2.0,0.0,0.0
1985,-0.014264976802997405,0.510610001170277,-0.03913546295289845,-0.033888616965088415,-0.017455983495166656,0.0,2.0,0.0,0.0
1986,-0.014286263147766445,-0.17200455460598096,0.09319782436024575,-0.016265779372601895,-0.01623468028200091,0.0,2.0,0.0,0.0
1987,-0.01428118569106202,0.18099741353420823,-0.08690717166695945,-0.0330291468172296,-0.0159424441146727,0.0,2.0,0.0,0.0
1988,-0.014249753802798372,-0.32243143263322,-0.12088418015277859,-0.016460362715813196,-0.016005696017698624,0.0,2.0,0.0,0.0
1989,-0.014192025487231285,-0.3018659227822328,0.09527542694776897,-0.032108663086599876,-0.014399432224212843,0.0,2.0,0.0,0.0
1990,-0.014108107275917388,0.009003081252848844,-0.13752343038253692,-0.016624572294063517,-0.015747181538878278,0.0,2.0,0.0,0.0
1991,-0.01399815403112122,-0.8163975795789163,-0.05273765775996663,-0.031128980069170316,-0.01282998054318272,0.0,2.0,0.0,0.0
1992,-0.013862368660033169,-0.23467329806996232,0.023534605971301303,-0.016758110875428087,-0.015459608296220876,0.0,2.0,0.0,0.0
1993,-0.01370100174032575,-0.11683098039184302,-0.08343191959779293,-0.03009189851225483,-0.011236846213246556,0.0,2.0,0.0,0.0
1994,-0.013514351057738206,-0.5741770731230613,-0.16586990799402443,-0.01686071699801761,-0.015143505854532755,0.0,2.0,0.0,0.0
1995,-0.013302761056544888,-0.5624416092319349,-0.0027753258682751882,-0.028999213595755528,-0.00962295725823479,0.0,2.0,0.0,0.0
1996,-0.013066622203918818,-0.08587452154890458,-0.07762398503646696,-0.016932207583462415,-0.014799457009686549,0.0,2.0,0.0,0.0
1997,-0.012806370269365742,0.043234162207351025,-0.0025081159084997754,-0.027853018103301805,-0.00799129327030415,0.0,2.0,0.0,0.0
1998,-0.012522485520557007,0.27227741029833386,-0.0628175620133699,-0.016972451634715325,-0.014428095992597955,0.0,2.0,0.0,0.0
1999,-0.012215491837046294,-0.7045200902155001,0.058367559223766095,-0.02665543058018583,-0.006344857590419827,0.0,2.0,0.0,0.0
2000,-0.011885955743504236,-0.11913421475283738,0.0020307849453586792,-0.01698137457208782,-0.014030106951356048,0.0,2.0,0.0,0.0
2001,-0.011534485364256764,-0.09349814019961337,0.011639880718513115,-0.025408653908580364,-0.004686681508457021,0.0,2.0,0.0,0.0
2002,-0.011161729301055894,-0.11416909813492893,0.05140556537000855,-0.016958958287928982,-0.013606223143882918,0.0,2.0,0.0,0.0
2003,-0.010768375436151839,-0.5175170735846828,-0.0091802761142968,-0.024114980149448826,-0.003019818072942697,0.0,2.0,0.0,0.0
2004,-0.01035514966288013,-0.27912146844258384,0.03460846344133496,-0.016905243366643,-0.013157226080634275,0.0,2.0,0.0,0.0
2005,-0.009922814546100151,0.2257742740845098,-0.09020246235398721,-0.022776788816149595,-0.0013473391276307971,0.0,2.0,0.0,0.0
2006,-0.00947216791496225,-0.36141777861174096,-0.21744018258130537,-0.0168203280506284,-0.012683942567995989,0.0,2.0,0.0,0.0
2007,-0.009004041390597359,-0.3067199533113405,0.0039033191725571497,-0.02139654446506574,0.0003276781616290779,0.0,2.0,0.0,0.0
2008,-0.00851929885144798,0.3973331345505671,-0.08639895804702584,-0.016704369078329423,-0.012187246173887393,0.0,2.0,0.0,0.0
2009,-0.008018834839070114,0.1508161708911993,0.22680463902695702,-0.019976791182570758,0.0020021325359191695,0.0,2.0,0.0,0.0
2010,-0.007503572907351021,-0.34672448579763837,0.014544523766662414,-0.0165575846025554,-0.011668054833672451,0.0,2.0,0.0,0.0
2011,-0.006974463918188003,-0.32660717867221284,-0.008043917127865573,-0.01852016537266185,0.0036728964346711803,0.0,2.0,0.0,0.0
2012,-0.006432484286770524,0.009228906523604764,-0.09862928168015732,-0.016380244219318406,-0.011127329142205196,0.0,2.0,0.0,0.0
2013,-0.005878634179710743,-0.1790571780296859,0.017098940633106123,-0.01702937890278178,0.0053368497650198585,0.0,2.0,0.0,0.0
2014,-0.005313935669338914,0.21428218693924608,-0.019687557105949535,-0.016172676256451173,-0.01056606945454668,0.0,2.0,0.0,0.0
2015,-0.004739430847576702,0.17059699840156253,-0.14967452326566996,-0.015507196245355081,0.006990894224432925,0.0,2.0,0.0,0.0
2016,-0.004156179902866337,0.059408918803367614,-0.0017789341146323898,-0.015935264097182645,-0.009985313475324619,0.0,2.0,0.0,0.0
2017,-0.0035652591637026112,0.015182564251838,-0.10203773703836067,-0.013956418939309871,0.008631967796883334,0.0,2.0,0.0,0.0
2018,-0.0029677591123831817,0.2862988532882019,-0.11485467608458463,-0.015668446332681288,-0.009386133291104902,0.0,2.0,0.0,0.0
2019,-0.0023647823726354114,-0.089204663041363,-0.02032456242311239,-0.012379908079594779,0.010257064422364952,0.0,2.0,0.0,0.0
2020,-0.0017574416748425995,-0.31652738857860474,0.09227860922021047,-0.015372716036477899,-0.008769635138558027,0.0,2.0,0.0,0.0
2021,-0.001146857802614492,0.15546130259745053,0.16497650506365155,-0.010780574799667243,0.01186319428420379,0.0,2.0,0.0,0.0
2022,-0.0005341575244995764,0.2682979817838193,-0.07538283728410526,-0.015048618152672751,-0.008136957547134284,0.0,2.0,0.0,0.0
2023,7.952848534859271e-05,-0.1111423167332108,0.18348919295547605,-0.009161363700131889,0.013447393318187055,0.0,2.0,0.0,0.0
2024,0.0006930677337112405,-0.13087919025047512,-0.022831028486216785,-0.014696751218959825,-0.007489267918758862,0.0,2.0,0.0,0.0
2025,0.0013053279982031423,0.052119656120817356,-0.0038949906898851448,-0.007525263129347927,0.01500674466968818,0.0,2.0,0.0,0.0
2026,0.0019151794166697707,-0.16284895088573953,0.019058475624013096,-0.014317767215673616,-0.006827762309480531,0.0,2.0,0.0,0.0
2027,0.0025214965722286918,0.06989208391616165,-0.007218749061300701,-0.005875303611552828,0.016538374900317364,0.0,2.0,0.0,0.0
2028,0.003123160570110692,-0.06326480666041046,-0.07209551223311936,-0.013912363716668916,-0.0061536603037806205,0.0,2.0,0.0,0.0
2029,0.003719061102460007,0.03740887339121677,0.051811089193155954,-0.004214509306184043,0.01803946682337956,0.0,2.0,0.0,0.0
2030,0.004308098497293318,-0.11318328943028073,-0.04301168694101741,-0.013481288014966411,-0.005468204849683862,0.0,2.0,0.0,0.0
2031,0.004889185747828153,-0.24541711959157467,-0.11572215655737964,-0.0025459275066686553,0.0195072970766666,0.0,2.0,0.0,0.0
2032,0.005461250518440368,-0.12117995578075885,0.06986942543973122,-0.013025334811049167,-0.004772654242599164,0.0,2.0,0.0,0.0
2033,0.006023237123546425,0.2042251006776857,-0.036451724447233325,-0.0008726365458065801,0.020939235130345957,0.0,2.0,0.0,0.0
2034,0.006574108475761622,-0.45951208220904166,0.0932924046100834,-0.012545346282285147,-0.004068299665089282,0.0,2.0,0.0,0.0
2035,0.007112847999735605,-0.018883809807471525,0.09992770031095202,0.000802268382746251,0.02233250129575702,0.0,2.0,0.0,0.0
2036,0.007638461508134949,0.1323847993850725,0.07542735774673116,-0.012042206774038186,-0.0033564321560920966,0.0,2.0,0.0,0.0
2037,0.008149979036313617,0.17837508820442022,0.01551101839181673,0.002475704100701051,0.02368462689418115,0.0,2.0,0.0,0.0
2038,0.008646456632278641,0.03030631957122622,0.152535588740728,-0.011516845285726263,-0.0026383708838861957,0.0,2.0,0.0,0.0
2039,0.009126978098656481,-0.11750425499370404,0.07225021686942079,0.004144581841597796,0.024993017783245225,0.0,2.0,0.0,0.0
2040,0.009590656683438578,-0.015212121955614045,-0.0666207923377832,-0.01097022990886801,-0.0019154421070368371,0.0,2.0,0.0,0.0
2041,0.0100366367163888,0.11808348939724281,-0.013098377946697756,0.00580582812509889,0.02625528945759345,0.0,2.0,0.0,0.0
2042,0.010464095188094118,0.24711890771938827,0.07013177599344844,-0.010403370053294935,-0.0011889842337231941,0.0,2.0,0.0,0.0
2043,0.010872243268741612,0.2763566646047591,0.07038767252558521,0.007456376373793335,0.02746909622881162,0.0,2.0,0.0,0.0
2044,0.011260327763821501,0.0030712293167768716,0.00465131341374168,-0.009817309964315265,-0.0004603300474776462,0.0,2.0,0.0,0.0
2045,0.011627632504068055,-0.17507644290109758,0.031162603003775716,0.009093187126456126,0.028632213706038093,0.0,2.0,0.0,0.0
2046,0.01197347966707628,-0.08025281988623287,-0.16850126853154754,-0.009213131965921231,0.00026917531941806315,0.0,2.0,0.0,0.0
2047,0.012297231028150434,0.19730895609914514,-0.04780863668800373,0.010713233215006588,0.029742481146394183,0.0,2.0,0.0,0.0
2048,0.012598289138082228,-0.5012079467233115,-0.08719045656416483,-0.008591950535433282,0.0009981851393369811,0.0,2.0,0.0,0.0
2049,0.012876098425679744,-0.0015168665195234368,-0.04990142187711431,0.01231350613552499,0.03079789041895113,0.0,2.0,0.0,0.0
2050,0.01313014622301656,-0.23283454690858915,-0.07601575430351813,-0.00795491561289415,0.0017253518029848934,0.0,2.0,0.0,0.0
2051,0.013359963711506362,0.1768886748622769,-0.11677869745580674,0.013891018019001704,0.03179644019926351,0.0,2.0,0.0,0.0
2052,0.013565126787058237,-0.061858324131081284,-0.009264609071169647,-0.007303203763738531,0.0024493358556214404,0.0,2.0,0.0,0.0
2053,0.013745256842717117,0.24410016648080998,0.12044023327724543,0.015442879150119704,0.032736343333778326,0.0,2.0,0.0,0.0
2054,0.013900021467342292,0.18869019163252698,-0.06242239455622511,-0.006638013407928592,0.0031687995662827806,0.0,2.0,0.0,0.0
2055,0.014029135059038031,0.00398781297786586,0.15534877864042435,0.0169662619667896,0.03361582585930786,0.0,2.0,0.0,0.0
2056,0.014132359352201654,-0.10066286046697022,0.15321975038696808,-0.005960571851876128,0.00388241833242195,0.0,2.0,0.0,0.0
2057,0.014209503857217805,0.17391526126163517,0.16676216936699303,0.0184583651469984,0.03443331435558502,0.0,2.0,0.0,0.0
2058,0.014260426211986981,0.13433324906855867,-0.0668446664789797,-0.005272128553097428,0.004588870962356307,0.0,2.0,0.0,0.0
2059,0.014285032444640024,0.28710595482907264,0.08994411111497785,0.019916427407327283,0.03518720212718294,0.0,2.0,0.0,0.0
2060,0.014283277146953245,0.17363536406756502,0.0384114290756383,-0.004573954380338436,0.005286855359095493,0.0,2.0,0.0,0.0
2061,0.014255163558144584,0.104215520020564,0.06189337607402384,0.02133772415722264,0.03587618594043008,0.0,2.0,0.0,0.0
2062,0.014200743558895917,-0.14388250916583975,0.043879529252881896,-0.003867342930955439,0.005975078847850535,0.0,2.0,0.0,0.0
2063,0.014120117575612814,-0.327370076803749,-0.07463638538918062,0.02271958602297188,0.03649895309445751,0.0,2.0,0.0,0.0
2064,0.014013434395098003,-0.5944970359208803,0.030570366120852534,-0.003153593678461084,0.00665227359392432,0.0,2.0,0.0,0.0
2065,0.013880890889980938,-0.3833744393720923,0.15360033009522808,0.024059563875674886,0.037054389747382975,0.0,2.0,0.0,0.0
2066,0.01372273165541016,0.0803546522313788,0.06536762802315782,-0.0024340242688891556,0.007317199129627358,0.0,2.0,0.0,0.0
2067,0.013539248557678327,0.23764475583003947,0.00839775139496823,0.02535514022570709,0.03754143658840446,0.0,2.0,0.0,0.0
2068,0.01333078019561372,-0.10135076391664191,-0.16322247105642865,-0.0017099631884233833,0.007968623605967885,0.0,2.0,0.0,0.0
2069,0.013097711275731467,-0.2491407089448908,-0.10993538801188707,0.026603922494222762,0.03795918134692423,0.0,2.0,0.0,0.0
2070,0.0128404719022984,0.13503298220486476,-0.0866423810108341,-0.0009827463955167464,0.0086053424962577,0.0,2.0,0.0,0.0
2071,0.012559536783619782,-0.43506992932145977,-0.04724721239656643,0.02780360874466349,0.038306900655745504,0.0,2.0,0.0,0.0
2072,0.012255424356016086,0.216268747494853,-0.0021660198268088557,-0.00025371591868116717,0.009226180776129909,0.0,2.0,0.0,0.0
2073,0.01192869582710212,0.15561251185927025,0.07508701366162077,0.02895198518794685,0.038583915194749366,0.0,2.0,0.0,0.0
2074,0.011579954140137516,-0.018159903247975933,-0.18608469907418698,0.00047578286942447844,0.009829993733965444,0.0,2.0,0.0,0.0
2075,0.011209842861358519,0.034627347430917714,-0.1398998856670831,0.03004693271469663,0.038789737734712525,0.0,2.0,0.0,0.0
2076,0.0108190449923431,0.03255058374442547,0.30549649358685366,0.0012044037343397135,0.010415668556550288,0.0,2.0,0.0,0.0
2077,0.010408281709604263,0.1741906110837942,0.05970735940708108,0.031086430806155665,0.038924003580826066,0.0,2.0,0.0,0.0
2078,0.009978311033732758,0.23550804041293624,0.010938520629620604,0.001930802063910141,0.010982117054356895,0.0,2.0,0.0,0.0
2079,0.009529926430551441,0.24252899334717942,0.14338455996797408,0.032068561262816556,0.03898641687347726,0.0,2.0,0.0,0.0
2080,0.009063955346855723,-0.49572288783335966,0.045826447056057866,0.002653637349406922,0.011528293812699387,0.0,2.0,0.0,0.0
2081,0.008581257683447929,-0.02995971597568073,0.10347530904232716,0.03299151174423508,0.038976876667346026,0.0,2.0,0.0,0.0
2082,0.008082724208280158,-0.027366586132726446,-0.01431638063772408,0.0033715753432056986,0.012053197172594511,0.0,2.0,0.0,0.0
2083,0.007569274912636071,-0.03784907610221307,0.06661605239989392,0.03385357870973192,0.03889541905142351,0.0,2.0,0.0,0.0
2084,0.007041857313382371,-0.6112615515961123,0.05768244513664861,0.0040832856939288405,0.012555857539006203,0.0,2.0,0.0,0.0
2085,0.006501444704426216,0.32850354467793097,0.13894203210352649,0.03465318910196795,0.0387421878704843,0.0,2.0,0.0,0.0
2086,0.005949034360604044,0.13397800354231923,-0.05355746384091227,0.004787465414385305,0.013035354273181976,0.0,2.0,0.0,0.0
2087,0.0053856456973133855,0.37108557328416325,0.1119160728246148,0.03538878810839408,0.03851746430376648,0.0,2.0,0.0,0.0
2088,0.004812318389291129,0.10386947851103082,0.1459843587726969,0.005482810601633138,0.013490799658216432,0.0,2.0,0.0,0.0
2089,0.004230110452000736,-0.3444890980206085,0.1904881663926402,0.0360591159790415,0.03822162005549955,0.0,2.0,0.0,0.0
2090,0.0036400962891762973,-0.21820979845541408,0.04952517805468201,0.006168038583206879,0.013921350186749002,0.0,2.0,0.0,0.0
2091,0.003043364710123643,0.3554568227523315,0.06707206714146688,0.036662913173411325,0.037855288383561794,0.0,2.0,0.0,0.0
2092,0.0024410169204356976,-0.6029770574435364,0.003635050652407979,0.006841884086591691,0.014326211420288476,0.0,2.0,0.0,0.0
2093,0.0018341644898337427,-0.11789245317261898,0.10433019668923207,0.03719905305110832,0.037419106961592674,0.0,2.0,0.0,0.0
2094,0.001223927300881589,-0.22704807368212324,-0.02392817665797695,0.0075030993159642305,0.014704635654822346,0.0,2.0,0.0,0.0
2095,0.0006114314823606759,0.16384266247300067,-0.008401496741512665,0.03766654840263162,0.03691387115701178,0.0,2.0,0.0,0.0
2096,-2.19266888480226e-06,-0.08301128531014601,0.009323836202924127,0.008150469056559877,0.015055924426866318,0.0,2.0,0.0,0.0
2097,-0.0006158127737894371,0.43135142476919086,-0.14273940596122736,0.03806449526307932,0.03634051216782924,0.0,2.0,0.0,0.0
2098,-0.0012282964607557292,0.37403762129840107,0.019367590137420634,0.008782800641458331,0.015379429331489228,0.0,2.0,0.0,0.0
2099,-0.0018385134553263885,0.21355432991422804,0.013651543291057666,0.038392210737757546,0.03570008719292861,0.0,2.0,0.0,0.0
2100,-0.002445337665986793,0.3029308911764852,-0.12424291386371819,0.009398923714612538,0.015674553315368076,0.0,2.0,0.0,0.0
2101,-0.0030476492622500775,0.38637001506475904,0.07553739528434752,0.038649086950021234,0.03499377846473168,0.0,2.0,0.0,0.0
2102,-0.0036443367411861326,0.03491731639739879,-0.14403946195695044,0.009997703238161485,0.015940751708407964,0.0,2.0,0.0,0.0
2103,-0.004234298978584176,0.048056230480751395,-0.11726414700946258,0.03883465881703151,0.034222889774116944,0.0,2.0,0.0,0.0
2104,-0.004816447260961122,-0.031049355209832555,0.15485111354313089,0.010578031385104,0.01617753155350066,0.0,2.0,0.0,0.0
2105,-0.00538970729467034,0.3170939557456714,0.04010152743903796,0.038948513316298325,0.03338886283850869,0.0,2.0,0.0,0.0
2106,-0.00595302118839531,0.09575287558786381,-0.04640863610158917,0.011138838599200509,0.01638445564707403,0.0,2.0,0.0,0.0
2107,-0.006505349405379282,0.4078541516937196,0.12377970373934308,0.03899052666208002,0.03249321341537275,0.0,2.0,0.0,0.0
2108,-0.007045672681780647,0.24960155499450284,0.11900511411362505,0.011679091040876173,0.016561144594773862,0.0,2.0,0.0,0.0
2109,-0.00757299390761702,0.398894722479941,0.1469364639392397,0.03896060043447321,0.031537598688035004,0.0,2.0,0.0,0.0
2110,-0.00808633996682845,0.1801189546620693,0.02612244731294481,0.012197791916347026,0.016707272711694178,0.0,2.0,0.0,0.0
2111,-0.008584763533059588,0.2192749968861819,-0.025478382401476086,0.0388587863430919,0.030523781618733817,0.0,2.0,0.0,0.0
2112,-0.009067344817853193,-0.007540582546548802,-0.01898075943954009,0.012693981256282495,0.016822572121763933,0.0,2.0,0.0,0.0
2113,-0.009533193268021035,0.2845280539630702,0.08637314501151688,0.03868523316625968,0.02945360828543005,0.0,2.0,0.0,0.0
2114,-0.009981449209068287,-0.04670320481333665,0.0308718575744472,0.013166746942429449,0.016906828693327526,0.0,2.0,0.0,0.0
2115,-0.010411285431632018,0.3062810708924655,-0.0490096011223439,0.038440317451496384,0.028329094078759748,0.0,2.0,0.0,0.0
2116,-0.010821908718008994,-0.020413733423908932,0.1957165024973452,0.013615213136047546,0.01695988502707061,0.0,2.0,0.0,0.0
2117,-0.01121256130595668,0.49811932956805144,-0.03823607995129791,0.03812443737481814,0.027152305333753776,0.0,2.0,0.0,0.0
2118,-0.01158252228706346,0.10653293586574092,0.22393791523421264,0.014038553779526038,0.016981643944618378,0.0,2.0,0.0,0.0
2119,-0.011931108937109828,-0.047536925155307504,0.1279705747868612,0.037738204937685406,0.025925406305916516,0.0,2.0,0.0,0.0
2120,-0.012257677975963823,-0.12779223465496967,0.03515000789546188,0.014435987707954711,0.01697206518898098,0.0,2.0,0.0,0.0
2121,-0.012561626754688318,0.44523249395237346,0.023327876748831956,0.03728233316508751,0.024650666180389136,0.0,2.0,0.0,0.0
2122,-0.012842394367664956,-0.327011035675127,-0.02313630559283332,0.014806781556373052,0.01693116588359357,0.0,2.0,0.0,0.0
2123,-0.01309946268768786,0.3035589940358508,0.0038074275797213356,0.03675766341115122,0.023330418712011355,0.0,2.0,0.0,0.0
2124,-0.013332357322112638,0.16738741400905421,0.11316134425724078,0.015150251108900328,0.016859019286143674,0.0,2.0,0.0,0.0
2125,-0.013540648488298095,0.08328625747200609,-0.01885859462254858,0.03616516380724017,0.02196711398156087,0.0,2.0,0.0,0.0
2126,-0.01372395180672553,-0.42486792347887814,-0.026756022111744677,0.015465762558168651,0.016755759905879224,0.0,2.0,0.0,0.0
2127,-0.013881929010330524,-0.47168228427994596,-0.07646738743419426,0.03550592747493616,0.020563272275141906,0.0,2.0,0.0,0.0
2128,-0.014014288568739494,0.04268327496055729,0.08158279511927498,0.015752733671930794,0.01662157643276207,0.0,2.0,0.0,0.0
2129,-0.01412078622625824,0.28394993383556044,-0.07201500982807167,0.034781170508956294,0.0191214380266433,0.0,2.0,0.0,0.0
2130,-0.014201225452620644,0.16267813691298158,-0.025467934972912852,0.016010634717312205,0.016456718203619373,0.0,2.0,0.0,0.0
2131,-0.0142554578056642,0.2272358299198654,-0.10085128245205251,0.033992227207441994,0.01764430739352543,0.0,2.0,0.0,0.0
2132,-0.014283383205264816,-0.387122057464772,0.09114091614453963,0.01623898941906094,0.016261493144651487,0.0,2.0,0.0,0.0
2133,-0.014284950118024041,0.23501224191850656,0.11919040560328056,0.033140548994752266,0.016134676626853618,0.0,2.0,0.0,0.0
2134,-0.014260155652368581,-0.05925372690505931,0.06747456566078554,0.016437376318433162,0.016036261676044525,0.0,2.0,0.0,0.0
2135,-0.014209045563886413,-0.1718704103105133,-0.08918110176771356,0.03222770826399214,0.014595309404100448,0.0,2.0,0.0,0.0
2136,-0.014131714170889615,0.11905540511056144,0.1861987073400905,0.016605429482957994,0.01578143974916204,0.0,2.0,0.0,0.0
2137,-0.014028304180359781,0.533898192221565,0.1679344969958522,0.031255392073989294,0.01302903941018977,0.0,2.0,0.0,0.0
2138,-0.013899006424597436,0.10027229568994013,-0.02866483468968948,0.01674283890614355,0.015497496356326891,0.0,2.0,0.0,0.0
2139,-0.013744059509060574,0.1111515754261452,0.11349549619409831,0.030225395685867157,0.011438729593851522,0.0,2.0,0.0,0.0
2140,-0.013563749372043837,-0.018461336225071477,0.19316134977445715,0.01684935036921635,0.015184948328233949,0.0,2.0,0.0,0.0
2141,-0.013358408757009091,0.30590938329609196,0.30236503789518937,0.02913961500900699,0.009827204756005027,0.0,2.0,0.0,0.0
2142,-0.013128416598542136,0.09486869216993929,-0.052294687035650024,0.016924768431013256,0.01484438033420051,0.0,2.0,0.0,0.0
2143,-0.012874197323068798,0.7231330165247132,0.11750216549824688,0.02800005694840044,0.008197592797486547,0.0,2.0,0.0,0.0
2144,-0.012596220065620304,0.4893853228309353,-0.006861755438263329,0.016968954021689152,0.01447642021724366,0.0,2.0,0.0,0.0
2145,-0.01229499780409422,0.2180263049948867,0.17644637629720475,0.0268088368108851,0.006552858296591745,0.0,2.0,0.0,0.0
2146,-0.011971086412606434,0.16266561909647867,0.0881565166279467,0.016981824543138544,0.014081746354443547,0.0,2.0,0.0,0.0
2147,-0.011625083635685114,0.4307629363076943,-0.018448614556521314,0.025568139350275035,0.004896031785379333,0.0,2.0,0.0,0.0
2148,-0.011257627985194717,0.1507694929303329,-0.045202336245235245,0.0169633554754138,0.013661086555973312,0.0,2.0,0.0,0.0
2149,-0.010869397562029625,0.08082705858698976,-0.04316478218669687,0.024280243827506487,0.0032301712350570914,0.0,2.0,0.0,0.0
2150,-0.010461108804750445,0.18203511367520087,-0.0016543566197787102,0.01691357914956193,0.013215214657108782,0.0,2.0,0.0,0.0
2151,-0.010033515167470936,0.20522990890905318,0.11669143578535761,0.02294753592776568,0.0015583503495244875,0.0,2.0,0.0,0.0
2152,-0.00958740572943792,-0.04399884362054049,-0.008146269900004948,0.01683259123905522,0.01274496029056787,0.0,2.0,0.0,0.0
2153,-0.009123603738867945,-0.12388902336971513,0.19603157149982453,0.02157250284723798,-0.00011635084926877454,0.0,2.0,0.0,0.0
2154,-0.00864296509372975,0.1102575708647292,-0.012127913985353088,0.016720542530088294,0.012251189120052026,0.0,2.0,0.0,0.0
2155,-0.008146376762272539,-0.08650968511892643,0.01064057551965264,0.020157687669307398,-0.0017908069555907216,0.0,2.0,0.0,0.0
2156,-0.007634755146221249,0.14366588929866894,0.02939939477183101,0.01657763822331915,0.011734806318835863,0.0,2.0,0.0,0.0
2157,-0.007109044389651435,0.11387868567278198,0.0755396224865889,0.018705668723342513,-0.0034619540675260405,0.0,2.0,0.0,0.0
2158,-0.006570214636670954,0.04285133710567384,0.1559521507810318,0.016404138191697563,0.011196766788403643,0.0,2.0,0.0,0.0
2159,-0.006019260241121236,-0.20178256618425147,0.06565885743272042,0.01721907260379028,-0.005126717827530449,0.0,2.0,0.0,0.0
2160,-0.0054571979316004075,0.17673508367106108,0.06372594099870134,0.016200362486069427,0.010638062250948665,0.0,2.0,0.0,0.0
2161,-0.004885064935197921,0.2730614430501192,0.15241006733317394,0.015700659749167425,-0.006782081319615126,0.0,2.0,0.0,0.0
2162,-0.0043039170634002945,-0.45942100747114245,-0.04584303469481328,0.015966693761154817,0.010059730630903287,0.0,2.0,0.0,0.0
2163,-0.003714826763702622,0.04339165139179944,-0.04853512132670523,0.014153352903430224,-0.008424835630891973,0.0,2.0,0.0,0.0
2164,-0.003118881140516982,0.07615993511263623,-0.04800958728424803,0.015703564018338622,0.0094628349105441,0.0,2.0,0.0,0.0
2165,-0.0025171799490376952,0.04399870783624585,-0.08617399367865844,0.012579988186939445,-0.010052080330584849,0.0,2.0,0.0,0.0
2166,-0.0019108335657572143,0.199893050376172,-0.0033285781743373974,0.015411455501426304,0.00884847475004746,0.0,2.0,0.0,0.0
2167,-0.001300960939381451,0.7682689073121703,0.0613575534577243,0.010983394334994696,-0.011660810925255945,0.0,2.0,0.0,0.0
2168,-0.0006886875259298124,0.11337504866069817,-0.06266848388761015,0.015090900973887182,0.008217788107028891,0.0,2.0,0.0,0.0
2169,-7.514321182165007e-05,-0.08701681553259794,0.07096644748811627,0.009366426632269212,-0.013248017437635108,0.0,2.0,0.0,0.0
2170,0.0005385397712086969,0.07303749652753279,0.014806996941595929,0.014742499414498721,0.007571936341182392,0.0,2.0,0.0,0.0
2171,0.001151228935529346,-0.14427530381459575,-0.16275286241414566,0.0077322219865152125,-0.014810774608058462,0.0,2.0,0.0,0.0
2172,0.0017617936274952738,0.1164539281192233,-0.1098252270150241,0.014366892899264419,0.006912112077201617,0.0,2.0,0.0,0.0
2173,0.0023691071139533594,-0.23297356631251628,0.05413927238557814,0.006083747334560286,-0.01634613894028017,0.0,2.0,0.0,0.0
2174,0.002972048661509524,-0.13694746503250482,0.0037135530800861466,0.013964774391014555,0.006239531270276494,0.0,2.0,0.0,0.0
2175,0.0035695056047241663,-0.012516559035605546,0.039021020607762386,0.004424048352194742,-0.01785138662331903,0.0,2.0,0.0,0.0
2176,0.004160375399420822,0.2540440518897454,-0.12410784210988698,0.013536884955469052,0.0055554340903683835,0.0,2.0,0.0,0.0
2177,0.004743567657315101,0.24824803783945235,0.08297967319945028,0.002756179970538121,-0.01932372349457927,0.0,2.0,0.0,0.0
2178,0.0053180061582123826,0.20914077038352874,0.05274094247558172,0.013084014481678079,0.004861086460600819,0.0,2.0,0.0,0.0
2179,0.005882630836058458,0.23173570303137844,0.07526403436707582,0.0010832315885857726,-0.020760349675499497,0.0,2.0,0.0,0.0
2180,0.006436399735182405,-0.10604648056419406,0.062483186274134815,0.012606995889609866,0.004157768775563538,0.0,2.0,0.0,0.0
2181,0.006978290933113974,-0.4640359044639916,0.0345807976498886,-0.0005917233060521204,-0.0221586869500948,0.0,2.0,0.0,0.0
2182,0.00750730442643645,0.3102093992453842,0.1995319080453743,0.012106718084731669,0.0034467799614296708,0.0,2.0,0.0,0.0
2183,0.008022463976187407,0.28359405129380166,0.09118219506438206,-0.0022655695361583706,-0.023516105622429118,0.0,2.0,0.0,0.0
2184,0.00852281890940491,-0.0813498137238725,-0.09002854191243845,0.011584095993709678,0.002729428367415333,0.0,2.0,0.0,0.0
2185,0.009007445873495865,-0.03620648075747045,0.03958096626189497,-0.0039352463011617786,-0.024830174867019817,0.0,2.0,0.0,0.0
2186,0.009475450540185767,-0.5382917070083543,0.08411619492087717,0.011040095506223008,0.0020070416955288465,0.0,2.0,0.0,0.0
2187,0.009925969255908147,0.12777845440076266,-0.014059164444536596,-0.00559760340346331,-0.026098389982509608,0.0,2.0,0.0,0.0
2188,0.010358170635585967,-0.00659891016563283,-0.1255723553798273,0.010475721103019005,0.0012809500226745971,0.0,2.0,0.0,0.0
2189,0.01077125709686726,-0.01513944710926027,-0.08148810698303387,-0.007249675985048525,-0.027318466405008027,0.0,2.0,0.0,0.0
2190,0.011164466331977896,0.15143425746252812,-0.10052576746926634,0.009892013230063933,0.0005524932184956283,0.0,2.0,0.0,0.0
2191,0.011537072714481617,-0.32760662300122456,0.060945042331783966,-0.008888394003182639,-0.028488144899465672,0.0,2.0,0.0,0.0
2192,0.011888388638348249,0.23683425467225652,0.07078588702204179,0.00929005055558158,-0.00017698267882913806,0.0,2.0,0.0,0.0
2193,0.012217765786856991,-0.40077662754710297,-0.014097799765685622,-0.010510704550815863,-0.029605241044903863,0.0,2.0,0.0,0.0
2194,0.01252459632899832,-0.059602862766509404,-0.16329683412833046,0.008670944203463482,-0.0009061313489662419,0.0,2.0,0.0,0.0
2195,0.012808314041161811,-0.149880098512408,-0.14756248607394828,-0.01211360996004826,-0.030667691838658657,0.0,2.0,0.0,0.0
2196,0.013068395352042675,0.37864158556856375,-0.05921084428889556,0.00803583669789548,-0.0016336019198727198,0.0,2.0,0.0,0.0
2197,0.013304360308837325,-0.48558890621487233,-0.037410864438754465,-0.013694155134069227,-0.031673532480719906,0.0,2.0,0.0,0.0
2198,0.013515773462946867,0.12555392247093555,0.024208920390353512,0.007385897282381988,-0.0023580571934531023,0.0,2.0,0.0,0.0
2199,0.01370224467355081,0.19374082811648133,0.030679319083188036,-0.015249468808077777,-0.03262092260051391,0.0,2.0,0.0,0.0
2200,0.013863429827571617,0.14985323524829053,0.03130264241153298,0.006722334364972753,-0.00307816777093806,0.0,2.0,0.0,0.0
2201,0.013999031474699573,-0.3840032380699903,-0.07779398649864207,-0.016776611399732064,-0.03350813034905179,0.0,2.0,0.0,0.0
2202,0.014108799376305476,0.4177587536200057,0.05194791460616293,0.006046371424552455,-0.0037925943563231596,0.0,2.0,0.0,0.0
2203,0.014192530967230398,0.18503545063724788,0.018044020067710526,-0.018272769954027164,-0.03433345368146172,0.0,2.0,0.0,0.0
2204,0.01425007172959808,0.49521604485644094,0.22361107752997297,0.005359239751909685,-0.0045000228944104366,0.0,2.0,0.0,0.0
2205,0.014281315477961786,-0.24576127050138227,-0.09337309527168287,-0.019735233830470073,-0.035095456855540066,0.0,2.0,0.0,0.0
2206,0.014286204555258131,0.21236074874757194,0.04203018737178326,0.004662218008911921,-0.005199146416920505,0.0,2.0,0.0,0.0
2207,0.014264729939207346,-0.3447150988997697,-0.04005313681415829,-0.021161272936719638,-0.035792682029416246,0.0,2.0,0.0,0.0
2208,0.014216931258962843,-0.054171549876027555,-0.04318363859837717,0.0039565922068462624,-0.0058886757794091435,0.0,2.0,0.0,0.0
2209,0.014142896721979862,0.19133987200696218,0.019248663022717487,-0.022548269099468582,-0.03642387232602202,0.0,2.0,0.0,0.0
2210,0.014042762951237752,0.09440759456659863,-0.10177196607581868,0.0032436666216833897,-0.006567338323939188,0.0,2.0,0.0,0.0
2211,0.013916714733116637,-0.18168253990060818,-0.02602810492929212,-0.023893615014441934,-0.036987846653691654,0.0,2.0,0.0,0.0
2212,0.013764984676393466,0.4757438166868033,-0.049312644059456213,0.002524754927476206,-0.007233881671476628,0.0,2.0,0.0,0.0
2213,0.013587852782987136,-0.20611304445787235,0.08351246288194965,-0.025194892615359364,-0.03748356982585706,0.0,2.0,0.0,0.0
2214,0.013385645931243704,-0.4684262240532044,-0.12477700732988896,0.0018011829587186179,-0.007887071098771306,0.0,2.0,0.0,0.0
2215,0.01315873727271738,-0.005179057234579026,-0.02669288117253469,-0.026449688998446592,-0.03791011777811509,0.0,2.0,0.0,0.0
2216,0.012907545543558179,0.1744747301834925,0.0775140488264788,0.0010742869009903503,-0.008525706115438549,0.0,2.0,0.0,0.0
2217,0.01263253429177764,-0.37535342942227107,0.19828450465630204,-0.027655672700468977,-0.038266680095010136,0.0,2.0,0.0,0.0
2218,0.012334211021820678,-0.2630345553206737,0.11071853481347109,0.0003454073589809437,-0.009148610112942933,0.0,2.0,0.0,0.0
2219,0.012013126258018356,-0.1701153345199154,-0.0792409139484467,-0.02881063323373434,-0.03855261310542901,0.0,2.0,0.0,0.0
2220,0.011669872528653362,0.133909039449979,0.05646520359003556,-0.00038410937315599926,-0.009754630710618222,0.0,2.0,0.0,0.0
2221,0.011305083272510962,-0.4690480268705798,-0.08962985230575307,-0.02991242127497976,-0.03876742071968755,0.0,2.0,0.0,0.0
2222,0.010919431669934705,-0.47826156622423305,0.0651756055223991,-0.0011129159829056064,-0.010342650041953201,0.0,2.0,0.0,0.0
2223,0.010513629400541286,-0.20335365722975784,-0.16234023996717994,-0.030959011634120483,-0.03891069894543991,0.0,2.0,0.0,0.0
2224,0.010088425329892025,0.12230254828037708,0.032302748037772354,-0.001839670837045954,-0.010911583126388513,0.0,2.0,0.0,0.0
2225,0.009644604127539248,0.07222544537089191,0.03050872480917266,-0.03194846537123811,-0.03898216744753838,0.0,2.0,0.0,0.0
2226,0.009182984818999925,-0.5051690850228693,-0.0889550423401656,-0.002563031519199142,-0.011460381273532374,0.0,2.0,0.0,0.0
2227,0.008704419274331831,-0.21085331606225988,-0.14765607392854704,-0.032878966820901336,-0.0389817216712063,0.0,2.0,0.0,0.0
2228,0.00820979063609499,-0.04621198506367373,-0.2776440604520421,-0.003281662354871852,-0.011988029893929865,0.0,2.0,0.0,0.0
2229,0.0077000116896053915,-0.007085972329023849,-0.06569152568296605,-0.03374879111888267,-0.038909330668578344,0.0,2.0,0.0,0.0
2230,0.007176023178485006,-0.10061414136387076,-0.03527802405471444,-0.0039942383118223386,-0.012493555974850114,0.0,2.0,0.0,0.0
2231,0.006638792068618906,-0.8451830809766377,-0.03266179904695919,-0.034556347650507184,-0.038765134972495556,0.0,2.0,0.0,0.0
2232,0.006089309763719122,0.5361067918895406,-0.06684304995519907,-0.004699444056503729,-0.012976025558092904,0.0,2.0,0.0,0.0
2233,0.005528590275795286,-0.29471174695267577,-0.004365754449527456,-0.03530013615975291,-0.03854938957470392,0.0,2.0,0.0,0.0
2234,0.004957668353900508,0.017026563333709544,0.20171824538109265,-0.005395977133938426,-0.013434541259021748,0.0,2.0,0.0,0.0
2235,0.0043775975746102305,-0.3138995766262755,-0.17656823224257984,-0.03597877084265298,-0.038262538498389106,0.0,2.0,0.0,0.0
2236,0.003789448397757621,-0.11910418591892603,-0.16994927240808821,-0.006082551294399547,-0.013868266370492056,0.0,2.0,0.0,0.0
2237,0.003194306191011756,0.03782257421938141,0.13899953014528374,-0.03659096443621962,-0.037905051357922125,0.0,2.0,0.0,0.0
2238,0.0025932692269463177,0.16703592122201205,-0.08495717894288023,-0.006757900832502983,-0.014276405626941406,0.0,2.0,0.0,0.0
2239,0.0019874466562904785,-0.01774691399058923,-0.011835282474651508,-0.03713566969107663,-0.03747761291174032,0.0,2.0,0.0,0.0
2240,0.001377956461110043,0.034286048025631,-0.048694745739962464,-0.007420779454395339,-0.014658201603389,0.0,2.0,0.0,0.0
2241,0.000765923391687529,-0.037711212662030154,-0.13394484268884538,-0.03761184127019486,-0.03698103477567895,0.0,2.0,0.0,0.0
2242,0.00015247689091216495,-0.29119861692127014,0.06419560177572728,-0.008069963315078445,-0.015012944391147753,0.0,2.0,0.0,0.0
2243,-0.0004612509899859663,-0.015548783868591024,-0.07701033476666459,-0.03801859941887487,-0.03641615825182609,0.0,2.0,0.0,0.0
2244,-0.001074127680520064,-0.018068532897140985,0.013792227235193985,-0.008704254481484585,-0.01533998454446186,0.0,2.0,0.0,0.0
2245,-0.0016850221809857381,-0.19061090409111403,-0.049361803402817366,-0.038355192311020636,-0.03578412889286582,0.0,2.0,0.0,0.0
2246,-0.0022928071496028427,-0.12945550111149282,-0.0039100325783083725,-0.009322483615340165,-0.015638714433007937,0.0,2.0,0.0,0.0
2247,-0.0028963609829055848,-0.24901097855096707,-0.08400898228078264,-0.038621018032297304,-0.03508602462911531,0.0,2.0,0.0,0.0
2248,-0.00349456988554638,0.14621540208172226,-0.08961105404721752,-0.009923509848320564,-0.015908586708212918,0.0,2.0,0.0,0.0
2249,-0.004086329925685845,-0.2861767966494415,0.04131784047609412,-0.03881558243635752,-0.03432321685043342,0.0,2.0,0.0,0.0
2250,-0.004670549072184538,-0.18867276038754172,-0.046133391936460974,-0.010506221931917746,-0.016149098985054063,0.0,2.0,0.0,0.0
2251,-0.005246149209833115,-0.2405334476117971,-0.058010671497480376,-0.03893846740103432,-0.033497026943458554,0.0,2.0,0.0,0.0
2252,-0.00581206812889847,0.6843504045002783,-0.009841653479028576,-0.011069545658286651,-0.01635981274236528,0.0,2.0,0.0,0.0
2253,-0.006367261485322591,-0.7958197470376532,-0.12776931977960093,-0.03898952940813368,-0.03260908571064662,0.0,2.0,0.0,0.0
2254,-0.006910704727949114,0.09511755429883502,0.03691222626533283,-0.011612442737624677,-0.016540331497218324,0.0,2.0,0.0,0.0
2255,-0.00744139498922548,-0.14962302446207804,0.04945944805767497,-0.03896865526719274,-0.03166088329276543,0.0,2.0,0.0,0.0
2256,-0.007958352935889033,0.3774883865136217,-0.04289481404684875,-0.012133910867066007,-0.01669032930432502,0.0,2.0,0.0,0.0
2257,-0.008460624576225834,-0.09960776727472037,0.02446705304750295,-0.038875871243649385,-0.030654314447913007,0.0,2.0,0.0,0.0
2258,-0.00894728302056014,-0.06164523062499293,-0.002964703604514833,-0.012632985939626744,-0.016809526999014793,0.0,2.0,0.0,0.0
2259,-0.009417430191733253,-0.059429509611213016,0.14965758257988282,-0.0387113246597809,-0.02959115584335978,0.0,2.0,0.0,0.0
2260,-0.009870198482411678,-0.4180461403020193,-0.011983231740494912,-0.013108750099573874,-0.016897703837925573,0.0,2.0,0.0,0.0
2261,-0.010304752356163528,-0.38936107341737897,0.12557565646518778,-0.0384753676893879,-0.02847337302598818,0.0,2.0,0.0,0.0
2262,-0.010720289889355273,-0.39269677554425864,-0.07088368911511041,-0.013560322178120544,-0.01695469825574109,0.0,2.0,0.0,0.0
2263,-0.011116044251016331,-0.3003318221525293,-0.07172540888844656,-0.03816838467571039,-0.027303058589963656,0.0,2.0,0.0,0.0
2264,-0.011491285117946878,0.19013836266543802,-0.0709589146462069,-0.013986870379131561,-0.016980404794143526,0.0,2.0,0.0,0.0
2265,-0.01184532002245106,-0.09396473403340279,-0.06424544059499585,-0.037790970382697596,-0.026082366847012706,0.0,2.0,0.0,0.0
2266,-0.012177495630214398,-3.93717797991848e-05,-0.08988231888345688,-0.014387607665650157,-0.016974774439691375,0.0,2.0,0.0,0.0
2267,-0.012487198945964404,-0.05211394011430391,-0.13185529908321875,-0.037343821760216715,-0.024813537114192843,0.0,2.0,0.0,0.0
2268,-0.012773858444687695,-0.00040696750212180355,0.017984151210779946,-0.01476179461878814,-0.016937816775448512,0.0,2.0,0.0,0.0
2269,-0.01303694512632071,-0.0773277784850951,0.0803180508671026,-0.03682776415662424,-0.02349890056761331,0.0,2.0,0.0,0.0
2270,-0.01327597349196334,-0.09743890036081572,0.0635067163326653,-0.015108740796024303,-0.016869599447944948,0.0,2.0,0.0,0.0
2271,-0.013490502439816447,-0.24987958403205127,-0.03655581690973854,-0.03624374979299909,-0.02214088926223368,0.0,2.0,0.0,0.0
2272,-0.013680136079188688,-0.31696543738810623,-0.022601234906361335,-0.015427805903153189,-0.01677025297430657,0.0,2.0,0.0,0.0
2273,-0.013844524461071993,-0.35096081956444747,-0.05938640950245501,-0.03559285434057272,-0.02074204932531994,0.0,2.0,0.0,0.0
2274,-0.013983364223934968,0.19812739803202167,-0.03281773395977623,-0.015718400743473283,-0.016639961754121402,0.0,2.0,0.0,0.0
2275,-0.014096399153545254,-0.05764717078540264,-0.030991974556921466,-0.03487627216614294,-0.01930496268272519,0.0,2.0,0.0,0.0
2276,-0.01418342065578619,-0.1557342112158906,-0.07566277486877326,-0.015979988706399835,-0.01647896437705425,0.0,2.0,0.0,0.0
2277,-0.014244268141594935,-0.18952343120694126,-0.13250869084402772,-0.03409532218619244,-0.017832258693579323,0.0,2.0,0.0,0.0
2278,-0.014278829323313128,-0.10767986858335132,-0.04274598798451262,-0.016212087147741347,-0.01628755637801917,0.0,2.0,0.0,0.0
2279,-0.014287040421901837,-0.41757308068140486,0.08209405740967735,-0.03325144886036071,-0.016326629015202102,0.0,2.0,0.0,0.0
2280,-0.014268886284639114,0.29173037783411565,0.051742420616999595,-0.016414267844942976,-0.016066088945816702,0.0,2.0,0.0,0.0
2281,-0.014224400413082794,-0.14736010568548602,0.03460613072334042,-0.0323462104012046,-0.0147908232350651,0.0,2.0,0.0,0.0
2282,-0.014153664901246765,0.054710937065724816,0.029158094162374852,-0.016586159072244592,-0.015814967944357494,0.0,2.0,0.0,0.0
2283,-0.014056810284105232,0.1917910612992378,0.023030578904632035,-0.031381295336771954,-0.013227651539354467,0.0,2.0,0.0,0.0
2284,-0.01393401529670409,0.18505775026507007,0.05103436417158648,-0.01672744117329889,-0.015534665416112762,0.0,2.0,0.0,0.0
2285,-0.013785506544323808,0.2683763196891662,-0.1637364363168392,-0.030358449232309917,-0.011640155979488545,0.0,2.0,0.0,0.0
2286,-0.013611558084303683,-0.12898374858244657,-0.014625913168917154,-0.01683785560571538,-0.01522569624745711,0.0,2.0,0.0,0.0
2287,-0.013412490920297258,0.6022436910709645,-0.048777552556366524,-0.029279595360835572,-0.010031195865215833,0.0,2.0,0.0,0.0
2288,-0.013188672409893952,0.10838460692748825,-0.001015544496829831,-0.016917196706575315,-0.01488863061700171,0.0,2.0,0.0,0.0
2289,-0.012940515586698991,0.05087536228987169,-0.11923892541410111,-0.028146695837395295,-0.008403737294083388,0.0,2.0,0.0,0.0
2290,-0.012668478398123417,0.01133909917313584,0.012123359816924771,-0.016965320104012742,-0.014524088722540941,0.0,2.0,0.0,0.0
2291,-0.012373062860290114,0.0018050891583229788,-0.027758890084329513,-0.02696185729608973,-0.006760753815488258,0.0,2.0,0.0,0.0
2292,-0.012054814131614931,-0.31821136119076865,0.01825335693709692,-0.016982139097459582,-0.014132744268955963,0.0,2.0,0.0,0.0
2293,-0.011714319506775244,-0.4433148666052148,-0.005707921087534188,-0.025727262838847187,-0.005105292369080261,0.0,2.0,0.0,0.0
2294,-0.011352207332918085,-0.39549031488195563,0.028011038028510446,-0.016967620061804693,-0.013715319510655667,0.0,2.0,0.0,0.0
2295,-0.01096914585011183,-0.5315722167070729,0.1591062751803898,-0.024445194083743103,-0.0034404130925366236,0.0,2.0,0.0,0.0
2296,-0.010565841958178945,0.4792936445864416,-0.06707878008712104,-0.01692178798994484,-0.01327258331303508,0.0,2.0,0.0,0.0
2297,-0.010143039912187131,-0.16978690216597148,-0.04572400948343586,-0.023118019006674928,-0.0017691666829650857,0.0,2.0,0.0,0.0
2298,-0.00970151994900308,-0.05890955802333346,0.23997346085878446,-0.016844729381513452,-0.012805356794047209,0.0,2.0,0.0,0.0
2299,-0.0092420968474489,-0.1580105708789644,-0.01250483802138485,-0.021748200071870102,-9.470320497542408e-05,0.0,2.0,0.0,0.0
2300,-0.008765618424712402,0.2714169765072512,-0.1770418054661014,-0.016736585851160314,-0.012314495773265864,0.0,2.0,0.0,0.0
2301,-0.008272963971788333,-0.024685264346933595,0.03407039049465703,-0.02033823626857481,0.0015800027501902808,0.0,2.0,0.0,0.0
2302,-0.007765042630841055,-0.04886330404609673,-0.04083520107899308,-0.016597555051053838,-0.011800911181369412,0.0,2.0,0.0,0.0
2303,-0.0072427917174762,0.20958573518110005,0.018102326403117174,-0.01889069607473899,0.00325177161476535,0.0,2.0,0.0,0.0
2304,-0.006707174991023754,-0.05191454867743237,-0.014678641027686803,-0.016427887260018332,-0.011265546746465748,0.0,2.0,0.0,0.0
2305,-0.006159180876020866,-0.18855850202119825,0.028834176464810863,-0.01740824317467989,0.004917552702426626,0.0,2.0,0.0,0.0
2306,-0.005599820638178869,-0.3075503248662773,0.06659945393103837,-0.01622790154194784,-0.010709396124737442,0.0,2.0,0.0,0.0
2307,-0.005030126518196365,0.2932408902918963,-0.0600195822022987,-0.01589365706244329,0.0065742431120956,0.0,2.0,0.0,0.0
2308,-0.004451149826869586,-0.13369761699146424,-0.1597889230630763,-0.015997966229137833,-0.010133481822406441,0.0,2.0,0.0,0.0
2309,-0.003863959005007415,-0.26273310228175545,-0.05506064853144822,-0.014349727521001781,0.00821880369438163,0.0,2.0,0.0,0.0
2310,-0.0032696376517346464,-0.5218075358025388,0.11836527523831934,-0.01573850541948275,-0.009538864322004808,0.0,2.0,0.0,0.0
2311,-0.0026692825248258952,-0.16494498737413693,-0.07360878028308619,-0.012779303177438625,0.009848202701007003,0.0,2.0,0.0,0.0
2312,-0.0020640015167519145,0.13235480299714603,0.09968655113738698,-0.015449996799221969,-0.008926646042582564,0.0,2.0,0.0,0.0
2313,-0.001454911610181122,0.1747767014195853,0.012016928763910912,-0.011185296762264093,0.011459425012935872,0.0,2.0,0.0,0.0
2314,-0.0008431368167047467,-0.5587737865336688,-0.10179285998653687,-0.015132977293641367,-0.008297954143574319,0.0,2.0,0.0,0.0
2315,-0.00022980610259203888,-0.1700159867374583,0.033233238181766996,-0.009570704675471942,0.013049501229932012,0.0,2.0,0.0,0.0
2316,0.00038394869459988017,0.1352843111402609,-0.16187489248831788,-0.014788035616627265,-0.00765394858492698,0.0,2.0,0.0,0.0
2317,0.0009969949547130098,-0.03677911069956806,-0.00028910290326296384,-0.007938535370334777,0.014615445757697807,0.0,2.0,0.0,0.0
2318,0.001608201365119466,-0.23259929136709853,-0.011682450019188453,-0.0144158099367288,-0.006995817860032415,0.0,2.0,0.0,0.0
2319,0.002216440008442601,-0.21034682976215832,-0.0885311962559198,-0.00629177595663948,0.016154462117738997,0.0,2.0,0.0,0.0
2320,0.0028205884440074915,0.23874831407394395,-0.1994670527288782,-0.014016980919592196,-0.0063247758707136795,0.0,2.0,0.0,0.0
2321,0.003419531779189797,-0.37154942749879927,0.13789274028126633,-0.004633359716492434,0.017663682511833707,0.0,2.0,0.0,0.0
2322,0.004012164726832247,-0.12119361512614818,-0.055100832983848755,-0.013592283330995414,-0.005642062097561562,0.0,2.0,0.0,0.0
2323,0.004597393644936654,0.08937712000056518,0.1303776108418675,-0.0029662976232984724,0.019140300026707344,0.0,2.0,0.0,0.0
2324,0.005174138554865033,-0.02994838165207892,-0.12148223096153533,-0.01314249468662895,-0.004948936158238786,0.0,2.0,0.0,0.0
2325,0.005741335134327205,-0.40142724499637694,-0.03728543201825882,-0.0012936830823794582,0.020581596478559713,0.0,2.0,0.0,0.0
2326,0.006297936681477349,0.22384978130883554,0.023778799579878558,-0.012668447656561332,-0.004246677180904672,0.0,2.0,0.0,0.0
2327,0.006842916046490134,0.010267531638618634,0.04059372779405121,0.0003813595935614743,0.021984911795840275,0.0,2.0,0.0,0.0
2328,0.007375267527060131,0.33189525135386777,0.011233134193588276,-0.01217101586515908,-0.0035365812982609446,0.0,2.0,0.0,0.0
2329,0.007894008724319095,0.22411231983944577,0.053823101363890936,0.002055745711723694,0.023347653987731677,0.0,2.0,0.0,0.0
2330,0.008398182355750464,-0.5101919945110976,-0.05039275948193119,-0.011651119117547001,-0.0028199608499466103,0.0,2.0,0.0,0.0
2331,0.008886858021753116,0.03309184598382893,0.00310150331836875,0.003726343496874115,0.024667310147492422,0.0,2.0,0.0,0.0
2332,0.009359133922598111,-0.07152686336489654,-0.09887920078175313,-0.011109724615951659,-0.0020981358025646607,0.0,2.0,0.0,0.0
2333,0.009814138522603485,0.25245246826214834,0.11585720129029135,0.005389975139576273,0.02594144750548215,0.0,2.0,0.0,0.0
2334,0.010251032158463019,-0.23155817604659937,-0.03239004288355423,-0.010547834904014912,-0.0013724366745225748,0.0,2.0,0.0,0.0
2335,0.010669008588757708,0.2903265788167755,0.15720300727224218,0.007043515185083788,0.027167713285390402,0.0,2.0,0.0,0.0
2336,0.011067296481787933,-0.10822533548307182,0.0009261346878956378,-0.009966489531559803,-0.0006442047124448274,0.0,2.0,0.0,0.0
2337,0.011445160838986857,-0.0026266170765470724,0.08502882355535639,0.008683925174877039,0.02834384265270339,0.0,2.0,0.0,0.0
2338,0.011801904351282535,0.3249339495352308,-0.07186288107615053,-0.009366758828682363,8.521623706665085e-05,0.0,2.0,0.0,0.0
2339,0.012136868685908988,0.2750130520591031,0.06733166775577903,0.010308260772737114,0.029467665518305874,0.0,2.0,0.0,0.0
2340,0.012449435701289892,-0.2951015169803795,-0.09580253857662749,-0.008749745566327696,0.0008144801804499165,0.0,2.0,0.0,0.0
2341,0.01273902858775474,0.004849008098275127,-0.010703433832020052,0.011913606229744427,0.030537109822031543,0.0,2.0,0.0,0.0
2342,0.013005112931980279,-0.23689989852166962,0.018081220476863228,-0.008116585260750719,0.001542241227014859,0.0,2.0,0.0,0.0
2343,0.013247197703193984,-0.082821958442947,-0.006234478711920212,0.013497083425360594,0.031550199853669844,0.0,2.0,0.0,0.0
2344,0.013464836159320795,0.019603543847612172,0.09038915062104919,-0.0074684369590844015,0.002267156492097366,0.0,2.0,0.0,0.0
2345,0.013657626671397685,-0.5619848317791182,0.1498462198306848,0.01505574314766182,0.03250506868674942,0.0,2.0,0.0,0.0
2346,0.01382521346473867,-0.18250777381801442,-0.001836073205134162,-0.006806510966408846,0.002987884632364924,0.0,2.0,0.0,0.0
2347,0.013967287275479329,0.29974447494463324,0.06602762174646715,0.016586526582025106,0.033399891348418746,0.0,2.0,0.0,0.0
2348,0.014083585921290966,-0.4541893050005847,-0.04363125023364129,-0.006132024995585939,0.003703098548761379,0.0,2.0,0.0,0.0
2349,0.014173894785210474,0.0035806561525864467,-0.027602821594003547,0.018086680596968104,0.034233101336655435,0.0,2.0,0.0,0.0
2350,0.014238047211693682,-0.19614416363062645,0.005946929196585366,-0.005446222753083711,0.004411477260943694,0.0,2.0,0.0,0.0
2351,0.014275924814160543,0.057676858396335705,0.056492747566032925,0.019553506656431262,0.035003184193287136,0.0,2.0,0.0,0.0
2352,0.01428745769346516,-0.014636821286097728,-0.03255698774340087,-0.004750368607650125,0.00511171609122757,0.0,2.0,0.0,0.0
2353,0.01427262456688741,0.10065685037664754,0.04109302164093598,0.020984278864444816,0.035708614400153695,0.0,2.0,0.0,0.0
2354,0.01423145280740792,-0.26421439176859185,-0.010130911957638688,-0.004045747591826202,0.005802522804857565,0.0,2.0,0.0,0.0
2355,0.014164018393194077,0.019494638984586584,-0.0895360389642733,0.022376311730017882,0.036348161333710535,0.0,2.0,0.0,0.0
2356,0.014070445767390433,-0.15994125893921435,0.00565530802592343,-0.0033336644913535716,0.006482620717456027,0.0,2.0,0.0,0.0
2357,0.0139509076084716,0.12337169351074248,0.1401003904040572,0.023727000244021756,0.03692064307461979,0.0,2.0,0.0,0.0
2358,0.013805624511582605,0.19330265502771443,-0.08710705578664578,-0.0026154289585830826,0.007150753087280515,0.0,2.0,0.0,0.0
2359,0.013634864581453564,0.26185064507749534,0.13239588881183437,0.025033950605234823,0.0374249953809065,0.0,2.0,0.0,0.0
2360,0.013438942937640077,-0.11782789210476505,0.06046295395126301,-0.0018923678890974,0.007805693964963535,0.0,2.0,0.0,0.0
2361,0.013218221133003872,0.3460010939403238,0.13790135050762076,0.02629468802252382,0.037860301413041586,0.0,2.0,0.0,0.0
2362,0.012973106486504233,0.02423381726304459,0.09543114734942744,-0.0011658134191261762,0.008446229097964063,0.0,2.0,0.0,0.0
2363,0.012704051331533853,0.10299218535668406,0.06657748755052427,0.027506937152221158,0.038225728834777525,0.0,2.0,0.0,0.0
2364,0.012411552181184804,-0.06691748490562505,0.05026110929299874,-0.0004371059399040279,0.00907117754072656,0.0,2.0,0.0,0.0
2365,0.012096148811986047,0.3272961655070095,-0.031383185219127106,0.028668420673765523,0.038520613752619094,0.0,2.0,0.0,0.0
2366,0.011758423267801835,-0.1839456023061077,-0.03050531567906773,0.00029240495801632384,0.00967938631812569,0.0,2.0,0.0,0.0
2367,0.011398998785731019,0.46739327548812004,0.20062640311737276,0.029776952689588815,0.03874441667137166,0.0,2.0,0.0,0.0
2368,0.011018538645988816,0.18996442390902202,-0.09209551358905865,0.0010213764849612956,0.010269733392624998,0.0,2.0,0.0,0.0
2369,0.010617744947891318,0.05046000157363232,-0.03789357606012796,0.030830571813284073,0.03889672877055484,0.0,2.0,0.0,0.0
2370,0.01019735731420654,-0.25783858740929694,-0.01801251838963578,0.0017484627070958765,0.010841129718695846,0.0,2.0,0.0,0.0
2371,0.009758151526256715,-0.21288498672209866,-0.12590003462750676,0.03182728715749745,0.03897727261519445,0.0,2.0,0.0,0.0
2372,0.009300938092295803,0.15740219811824854,-0.004461854366742341,0.0024723229715412584,0.011392521236518334,0.0,2.0,0.0,0.0
2373,0.00882656075180116,0.5599051404144222,-0.04681553319901496,0.03276528762116867,0.038985902623067316,0.0,2.0,0.0,0.0
2374,0.008335894918441385,-0.2020507577810903,-0.08411366825688081,0.003191620016048248,0.011922890182350541,0.0,2.0,0.0,0.0
2375,0.007829846064591205,0.11933146502683317,-0.06411437375193145,0.03364280431742036,0.0389225946710854,0.0,2.0,0.0,0.0
2376,0.00730934805037753,-0.05894315833502772,-0.13547788703339764,0.003905028004821871,0.012431256574497151,0.0,2.0,0.0,0.0
2377,0.006775361400339183,-0.0901821821472047,0.060460021488535576,0.03445825708364575,0.038787446214091144,0.0,2.0,0.0,0.0
2378,0.0062288715308776,-0.015452850026642179,0.0961751364173857,0.004611229358366333,0.012916681859921108,0.0,2.0,0.0,0.0
2379,0.005670886931776596,0.158028098949053,-0.1960954112235972,0.03521010917453845,0.03858070486362908,0.0,2.0,0.0,0.0
2380,0.005102437305138197,0.07654453161104265,0.01078424448577608,0.005308921819947112,0.01337826755905003,0.0,2.0,0.0,0.0
2381,0.004524571665176225,0.176566476182346,0.02879831807326313,0.035896999517553776,0.03830276978595961,0.0,2.0,0.0,0.0
2382,0.003938356402370113,0.145882956231311,0.14849759388538325,0.005996818318152866,0.013815160428648353,0.0,2.0,0.0,0.0
2383,0.0033448733155536257,0.14233246381592812,0.08895049835453103,0.0365176569232997,0.03795415230443177,0.0,2.0,0.0,0.0
2384,0.002745217615568291,0.03141246878665699,-0.02157467510600338,0.006673648297917212,0.014226559894838281,0.0,2.0,0.0,0.0
2385,0.0021404959041651764,0.014126008453079625,0.14395173333349492,0.0370709189582483,0.0375355008706126,0.0,2.0,0.0,0.0
2386,0.0015318241318899055,0.06793623182605313,0.04617579242771255,0.007338160008641343,0.014611707074070064,0.0,2.0,0.0,0.0
2387,0.0009203255387106865,0.2922513983885081,-0.06656995975117985,0.03755579633136884,0.03704758131325014,0.0,2.0,0.0,0.0
2388,0.0003071285811976618,-0.003922424790225363,0.058110991582937796,0.007989131672015183,0.01496989055073032,0.0,2.0,0.0,0.0
2389,-0.0003066351499258355,-0.014755888030441878,0.07176905344398096,0.03797131879029599,0.03649128615531335,0.0,2.0,0.0,0.0
2390,-0.0009198330180145618,-0.14537218891417722,0.0886556407261797,0.008625363399410774,0.015300449265633289,0.0,2.0,0.0,0.0
2391,-0.0015313334306648126,0.1598897075138782,0.17796390647384747,0.03831680683482374,0.035867646879860764,0.0,2.0,0.0,0.0
2392,-0.002140007927949002,0.5253841262996348,0.005726010435924127,0.009245679849184655,0.015602773255908742,0.0,2.0,0.0,0.0
2393,-0.0027447332648694034,0.19775794311242012,0.32463420892468786,0.03859160657361149,0.03517781826628006,0.0,2.0,0.0,0.0
2394,-0.0033443934841912767,0.5442189763943703,-0.20924537667206775,0.009848933080234714,0.015876304747218243,0.0,2.0,0.0,0.0
2395,-0.003937881975822205,0.2278904182674409,0.06809263146777972,0.038795158343302785,0.03442307632525253,0.0,2.0,0.0,0.0
2396,-0.004524103518947235,-0.06936739399968292,0.14222052870444055,0.010434008821955963,0.016120539171920256,0.0,2.0,0.0,0.0
2397,-0.005101976303143127,-0.13824512003918213,-0.05480907490174343,0.038927141846694394,0.033604815986416486,0.0,2.0,0.0,0.0
2398,-0.0056704339247465015,0.08609645704205215,0.13262672015989918,0.010999825308660637,0.016335031493751068,0.0,2.0,0.0,0.0
2399,-0.006228427354789293,0.20443148560485844,-0.06459272875645214,0.03898725624330234,0.032724526659720324,0.0,2.0,0.0,0.0
2400,-0.0067749268748729065,0.294203872715602,0.2123312367685673,0.011545340468038746,0.016519376610560976,0.0,2.0,0.0,0.0
2401,-0.007308923977405024,0.2546000089683061,0.13559079686151687,0.03897544446742662,0.03178383348838444,0.0,2.0,0.0,0.0
2402,-0.007829433226694006,-0.05884190950028272,-0.04085171763150867,0.012069551846069327,0.016673236809745563,0.0,2.0,0.0,0.0
2403,-0.008335494077469079,-0.13363983556624592,0.021354572235427558,0.038891683269370494,0.030784490412037322,0.0,2.0,0.0,0.0
2404,-0.008826172647463581,-0.21972911251830565,-0.03258322044425402,0.012571497490490531,0.016796328177162034,0.0,2.0,0.0,0.0
2405,-0.009300563440798684,0.5199257440236751,0.12774866391036663,0.0387361616214739,0.029728340315850716,0.0,2.0,0.0,0.0
2406,-0.009757791018980439,0.3853800494115615,-0.08300088019363927,0.013050244996806766,0.01688842389570417,0.0,2.0,0.0,0.0
2407,-0.01019701161642935,0.4375059409669766,-0.06161072401729412,0.038509138908962584,0.028617326727719154,0.0,2.0,0.0,0.0
2408,-0.010617414697562234,-0.12305003662950331,-0.03183286045100685,0.013504909689606116,0.01694935387742618,0.0,2.0,0.0,0.0
2409,-0.011018224452550083,-0.03772078576119905,-0.06216618855220626,0.03821105939409421,0.027453510121652334,0.0,2.0,0.0,0.0
2410,-0.01139870122899408,0.05216001255524451,-0.014231579909370993,0.013934651321680716,0.016979005915664255,0.0,2.0,0.0,0.0
2411,-0.011758142896875975,0.0790897866222056,0.1679289022371474,0.037842484274571146,0.026239037212452035,0.0,2.0,0.0,0.0
2412,-0.012095886144266781,-0.5032017533281588,0.009968325654409443,0.014338673432779094,0.016977330761276378,0.0,2.0,0.0,0.0
2413,-0.012411307701397766,-0.4885975253654537,0.11022957288730445,0.03740406798580529,0.024976145149256654,0.0,2.0,0.0,0.0
2414,-0.012703825490840776,0.6140285714973311,-0.09274114717836407,0.014716235608447452,0.016944324020344865,0.0,2.0,0.0,0.0
2415,-0.012972899701670634,0.20510556442588662,0.06857806477206503,0.036896633129929655,0.023667164003707875,0.0,2.0,0.0,0.0
2416,-0.0132180337856294,0.0930338429265096,-0.07014352133354966,0.015066644576633887,0.016880048727432775,0.0,2.0,0.0,0.0
2417,-0.013438775373454746,0.38577095263921946,-0.1196877340264724,0.036321109035674225,0.022314521815103384,0.0,2.0,0.0,0.0
2418,-0.013634717109679319,0.29701931666654446,0.3261970245208838,0.015389253676293239,0.01678462294110433,0.0,2.0,0.0,0.0
2419,-0.013805497404363392,0.6647690769561014,0.09517592167047724,0.035678560314055155,0.020920680550998105,0.0,2.0,0.0,0.0
2420,-0.013950801100370306,0.18075379408630432,-0.014120767215513867,0.015683462975329528,0.016658217235317456,0.0,2.0,0.0,0.0
2421,-0.014070360054956616,0.33399864389239114,0.08898640054649057,0.03497018127662114,0.019488189985877046,0.0,2.0,0.0,0.0
2422,-0.01416395363460112,0.5245333555644361,-0.00686095368445706,0.015948724659135625,0.016501067968802147,0.0,2.0,0.0,0.0
2423,-0.014231409122160985,0.4642285894229441,0.06496280327520504,0.03419726430049583,0.01801970552828383,0.0,2.0,0.0,0.0
2424,-0.014272602035603044,0.16863934405347913,0.2916543218868204,0.016184553638747975,0.016313466001854796,0.0,2.0,0.0,0.0
2425,-0.014287456357722486,0.4503394171722446,-0.15992452572813257,0.03336123889391061,0.016517967381795933,0.0,2.0,0.0,0.0
2426,-0.014275944676424525,0.407450789384271,0.12095588065849948,0.01639052020477156,0.016095760736039785,0.0,2.0,0.0,0.0
2427,-0.014238088235310626,0.028244788509192636,-0.1230003336400591,0.03246366216462889,0.014985796018729658,0.0,2.0,0.0,0.0
2428,-0.014173956894475554,-0.23278793799535458,0.04094341450382847,0.016566242587150715,0.015848356806180425,0.0,2.0,0.0,0.0
2429,-0.01408366900158806,-0.08550332524674975,-0.05884304398692132,0.031506148949300254,0.013426016522814043,0.0,2.0,0.0,0.0
2430,-0.013967391173492496,-0.04318421680280261,-0.004677900800365099,0.016711396542842358,0.015571709745247932,0.0,2.0,0.0,0.0
2431,-0.013825337988734927,0.4739623622990606,0.019964665217113334,0.030490509042796213,0.011841505093627473,0.0,2.0,0.0,0.0
2432,-0.013657771591581094,0.2718482421257296,0.06286181406751501,0.01682571122662778,0.01526632375971644,0.0,2.0,0.0,0.0
2433,-0.013465001208256343,0.1126868448358226,-0.027356991608725487,0.029418597188183352,0.01023506172867093,0.0,2.0,0.0,0.0
2434,-0.013247382576301234,0.18037105703365033,-0.0012212172800555188,0.016908975371556004,0.014932757998643362,0.0,2.0,0.0,0.0
2435,-0.01300531728809505,0.2990056290274738,-0.13423806840989866,0.028292387394369713,0.008609687154302699,0.0,2.0,0.0,0.0
2436,-0.012739252049759573,0.16636140068943614,0.33939804996933776,0.016961036112070567,0.014571639923228203,0.0,2.0,0.0,0.0
2437,-0.012449677856808805,0.10568697912876224,0.12499993612263809,0.027113967470317843,0.006968504278581811,0.0,2.0,0.0,0.0
2438,-0.012137129088069446,-0.0915703104608045,-0.07022048019843478,0.016981797301918893,0.014183635468770337,0.0,2.0,0.0,0.0
2439,-0.011802182519539751,0.07463527772608186,0.12025845101691673,0.02588551774332856,0.005314510646962938,0.0,2.0,0.0,0.0
2440,-0.011445456260010235,0.14641095314561411,-0.14389555869565795,0.016971221751578842,0.013769459445810083,0.0,2.0,0.0,0.0
2441,-0.011067608610409051,-0.0884090413799,-0.013067775099206237,0.02460930437972931,0.0036507389370379027,0.0,2.0,0.0,0.0
2442,-0.010669336848975905,-0.18343183945720265,0.13075606501798856,0.01692932795689151,0.013329874492515954,0.0,2.0,0.0,0.0
2443,-0.010251375944508603,0.026802081303593326,0.12995218232995756,0.02328767570514578,0.001980235427200697,0.0,2.0,0.0,0.0
2444,-0.009814497200054907,-0.23589655161752002,0.0037858959782891433,0.01685619195204698,0.012865690961501489,0.0,2.0,0.0,0.0
2445,-0.009359506829554314,0.3924818296215104,0.012256666200442147,0.02192305662973436,0.0003060597640572088,0.0,2.0,0.0,0.0
2446,-0.008887244470053094,0.18389432659208343,-0.029631782169080093,0.016751947292102966,0.012377761751898515,0.0,2.0,0.0,0.0
2447,-0.008398581632244217,0.4955995816008291,0.07977748811835196,0.020517949119264394,-0.001368729659962458,0.0,2.0,0.0,0.0
2448,-0.007894420092183855,0.4599585086685572,0.03534176333211052,0.016616784815556555,0.0118669893422526,0.0,2.0,0.0,0.0
2449,-0.007375690227159615,0.48126603110169597,-0.017333586511440367,0.01907494506936033,-0.0030410691245422,0.0,2.0,0.0,0.0
2450,-0.006843349298775606,0.3916823641210533,0.14217904119935693,0.016450955699300458,0.011334309418058963,0.0,2.0,0.0,0.0
2451,-0.006298379686426937,0.507417356145568,0.09514833602869109,0.017596746809859697,-0.004707908586471148,0.0,2.0,0.0,0.0
2452,-0.0057417870744222495,-0.2354790237638174,0.12747937949417473,0.016254768904255916,0.010780718702578056,0.0,2.0,0.0,0.0
2453,-0.005174598596096709,0.2510684978052686,0.15304208924450277,0.01608612498477436,-0.006365933520044239,0.0,2.0,0.0,0.0
2454,-0.004597860938347645,0.15235945270191703,0.011178393207694226,0.016028591768634567,0.010207234576671116,0.0,2.0,0.0,0.0
2455,-0.004012638410081536,-0.307208425598139,0.06695133819870513,0.014545901387343237,-0.008012185237223544,0.0,2.0,0.0,0.0
2456,-0.003420010978144202,0.40588399060175195,-0.11850166388217923,0.015772837346290928,0.009614912980126513,0.0,2.0,0.0,0.0
2457,-0.002821072274355756,0.32526110968083366,0.18244443621815212,0.012978827384019558,-0.00964367132126762,0.0,2.0,0.0,0.0
2458,-0.0022169275773265195,0.08229884817114104,-0.007288083713622504,0.015487970498858212,0.009004849878371956,0.0,2.0,0.0,0.0
2459,-0.0016086917727819628,0.10616583284751198,0.08399993661267233,0.011387700045437491,-0.01125735425951036,0.0,2.0,0.0,0.0
2460,-0.0009974872961575313,0.05485779288915673,-0.0018121823614386436,0.015174517581126302,0.008378169652551353,0.0,2.0,0.0,0.0
2461,-0.0003844420612626957,-0.33610875763264464,0.0337065058435327,0.009775499143159831,-0.012850207715213974,0.0,2.0,0.0,0.0
2462,0.00022931262116800992,0.44528185614145643,0.1697852239903456,0.014833065875969704,0.007736027876877765,0.0,2.0,0.0,0.0
2463,0.0008426441311875536,0.08624340272591195,0.11331060137646995,0.008145362622773798,-0.014419391653708057,0.0,2.0,0.0,0.0
2464,0.0014544206297700524,-0.18679381789034982,0.19351065198556672,0.01446424775730059,0.007079609723005169,0.0,2.0,0.0,0.0
2465,0.002063513147500267,0.05580425641865438,-0.14593017310914302,0.006500290572646122,-0.015961970644137312,0.0,2.0,0.0,0.0
2466,0.0026687976679677424,0.08763575092883663,-0.14153077752676207,0.014068740409355391,0.006410127240411387,0.0,2.0,0.0,0.0
2467,0.003269157202022508,-0.01835857607183229,-0.224404465664973,0.004843231104465426,-0.017475086041788303,0.0,2.0,0.0,0.0
2468,0.00386348384906069,0.3387295906448675,0.04405443560010814,0.013647268610678403,0.005728814507241756,0.0,2.0,0.0,0.0
2469,0.004450680841539362,-0.03268155854688033,0.024632211077929154,0.003177165395977699,-0.01895596970278478,0.0,2.0,0.0,0.0
2470,0.0050296645689451485,1.1176356094647462,-0.10861086099607628,0.013200611161220847,0.005036931307442106,0.0,2.0,0.0,0.0
2471,0.005599366577485978,-0.2680636216388533,-0.1689494680268624,0.0015052075232959779,-0.0204018447325144,0.0,2.0,0.0,0.0
2472,0.006158735541807908,0.3161595129584824,0.005970227373693682,0.012729592731162826,0.004335751966965682,0.0,2.0,0.0,0.0
2473,0.0067067392051079824,0.05982538962959956,-0.0021293827938366552,-0.0001695386332681681,-0.021810098191787718,0.0,2.0,0.0,0.0
2474,0.0072423662840552135,0.23814842901544533,-0.050949790473550534,0.012235084894053809,0.0036265732185164446,0.0,2.0,0.0,0.0
2475,0.007764628335007466,-0.16114673994879378,0.014336272463664708,-0.0018439693248644311,-0.023178049223578155,0.0,2.0,0.0,0.0
2476,0.008272561578081853,0.16703804700203478,0.08882777274215603,0.011717998885862141,0.002910701594470683,0.0,2.0,0.0,0.0
2477,0.008765228675707951,-0.04248742369882651,-0.03499288034704609,-0.0035149959501599762,-0.024503268449258268,0.0,2.0,0.0,0.0
2478,0.009241720462388065,0.219848291645603,-0.11152635616611446,0.011179287108145135,0.0021894599272996714,0.0,2.0,0.0,0.0
2479,0.009701157622464577,0.23911275323099732,-0.07939154124680484,-0.005179539506232893,-0.02578324425757492,0.0,2.0,0.0,0.0
2480,0.010142692312806628,0.19705399973789736,-0.03811403788828806,0.010619944165674333,0.0014641762846318688,0.0,2.0,0.0,0.0
2481,0.01056550972741509,-0.38726903977013893,-0.04470935776906666,-0.0068345279935670186,-0.027015679150336886,0.0,2.0,0.0,0.0
2482,0.010968829601061271,-0.18915658172382815,-0.023397176839301766,0.01004100616121967,0.0007361891342017762,0.0,2.0,0.0,0.0
2483,0.011351907649185436,-0.03714080952754017,0.0006418071962095255,-0.008476836622369942,-0.02819825098719458,0.0,2.0,0.0,0.0
2484,0.011714036941395427,0.28408968231622544,-0.13422952789208434,0.00944353836684193,6.84674609070704e-06,0.0,2.0,0.0,0.0
2485,0.012054549206032852,-0.037288100797256356,-0.054763568429156834,-0.010103542862958606,-0.02932873706325373,0.0,2.0,0.0,0.0
2486,0.012372816063397851,-0.21293001824057864,0.03854508598442152,0.008828641912294473,-0.0007225084234814832,0.0,2.0,0.0,0.0
2487,0.012668250185359178,-0.05460269896451419,-0.11244625138822326,-0.011711633438610862,-0.030405135826859456,0.0,2.0,0.0,0.0
2488,0.012940306379205225,-0.2599934181003221,0.1322339084218179,0.008197453466964339,-0.0014505296023962205,0.0,2.0,0.0,0.0
2489,0.01318848259374118,-0.4387897661565064,-0.008477573771368013,-0.013298104180549154,-0.03142541283604943,0.0,2.0,0.0,0.0
2490,0.013412320845771455,0.07974703772068163,0.021695418410688734,0.0075511379359537,-0.0021758744763376494,0.0,2.0,0.0,0.0
2491,0.013611408065259486,-0.44775541772109695,0.033267926330785284,-0.014860025706538903,-0.03238771577340315,0.0,2.0,0.0,0.0
2492,0.013785376857605641,-0.1705243912412222,-0.008864639956989861,0.0068908878464081,-0.0028972028595948005,0.0,2.0,0.0,0.0
2493,0.013933906181635156,-0.08923835281052231,0.08344741903299327,-0.016394522245416702,-0.033290227751573837,0.0,2.0,0.0,0.0
2494,0.01405672194204608,0.04249843146526972,0.08837342939502393,0.006217919206756471,-0.0036131853010913794,0.0,2.0,0.0,0.0
2495,0.014153597495223262,0.08130660473919608,0.09127902238937288,-0.01789879872697809,-0.034131326565078106,0.0,2.0,0.0,0.0
2496,0.014224354067485765,0.02502891917972144,0.03476468445595031,0.005533478367233011,-0.004322499201811322,0.0,2.0,0.0,0.0
2497,0.014268861084994514,-0.27948860248535107,-0.07988395736456233,-0.019370002602997198,-0.034909422666597856,0.0,2.0,0.0,0.0
2498,0.014287036414712947,0.6838018516729744,0.043450177825179175,0.0048388283836977245,-0.005023836848505771,0.0,2.0,0.0,0.0
2499,0.014278846515974797,-0.10432103149440963,-0.07012058149733212,-0.02080548766980826,-0.035623114079131796,0.0,2.0,0.0,0.0
2500,0.014244306502379907,-0.047368827369473065,0.24700983669781557,0.0041352498190658105,-0.005715903489609386,0.0,2.0,0.0,0.0
2501,0.014183480113903657,0.17266962747988496,0.10792762185866414,-0.02220252522948026,-0.03627106259723015,0.0,2.0,0.0,0.0
2502,0.014096479599271525,0.33610112538926984,0.25838463258004685,0.003424034762577863,-0.006397422563858742,0.0,2.0,0.0,0.0
2503,0.013983465508815778,0.09986523050832025,-0.09128957856831885,-0.02355865808946631,-0.03685208924463652,0.0,2.0,0.0,0.0
2504,0.013844646398196873,0.0046824950860520865,-0.1337998677023602,0.002706501280576095,-0.007067131249556754,0.0,2.0,0.0,0.0
2505,0.013680278443535372,-0.39578717139886926,-0.07972941150374957,-0.024871287514430268,-0.0373650974732325,0.0,2.0,0.0,0.0
2506,0.013490664968666318,0.5181145523387239,-0.0030693881323411182,0.0019839745132370534,-0.007723795942729897,0.0,2.0,0.0,0.0
2507,0.013276155885386704,0.060312180420116296,-0.058880694499469574,-0.02613802379703009,-0.03780917458693121,0.0,2.0,0.0,0.0
2508,0.013037147047729404,-0.20373131803834374,-0.12678614824615558,0.0012577921343179797,-0.008366209172303896,0.0,2.0,0.0,0.0
2509,0.012774079521456996,-0.28150210370743156,-0.0016511913637744444,-0.02735651055099102,-0.03818347485845257,0.0,2.0,0.0,0.0
2510,0.0124874387701202,0.24265175477468298,0.014470851632793637,0.0005292862074181598,-0.008993183399909128,0.0,2.0,0.0,0.0
2511,0.012177753759186647,-0.6007610932513991,-0.0748534110155946,-0.02852452465216418,-0.03848731091710541,0.0,2.0,0.0,0.0
2512,0.011845595979889373,0.002694302051928327,-0.11537211345175782,-0.00020019798564828632,-0.009603564326380013,0.0,2.0,0.0,0.0
2513,0.011491578394601056,-0.2879110978957171,0.0008088606916178617,-0.029639860215213698,-0.038720073074070334,0.0,2.0,0.0,0.0
2514,0.011116354305675053,0.3614366149799381,-0.1844677121849101,-0.0009293129045053464,-0.010196226327222217,0.0,2.0,0.0,0.0
2515,0.01072061614984477,-0.2226515818074821,0.06438598335320321,-0.03070053515746817,-0.03888142201888693,0.0,2.0,0.0,0.0
2516,0.010305094220404657,-0.2751592437651796,0.03784169618222022,-0.0016567145203523533,-0.01077007028438404,0.0,2.0,0.0,0.0
2517,0.009870555319529675,-0.03470905694880758,-0.031212855200580925,-0.03170457987318355,-0.03897100087747399,0.0,2.0,0.0,0.0
2518,0.009417801343222766,-0.038299206535619565,0.017095700511943857,-0.0023810566214150985,-0.011324031728408453,0.0,2.0,0.0,0.0
2519,0.008947667801499526,-0.4055752725358214,-0.043101303231350654,-0.0326500583552959,-0.038988681862137504,0.0,2.0,0.0,0.0
2520,0.008461022276542824,-0.05930409063430477,0.01622479011515057,-0.0031010050842837943,-0.011857094085666452,0.0,2.0,0.0,0.0
2521,0.007958762821669053,0.07062450038742286,0.0353046228948094,-0.033535325029398745,-0.03893441481421042,0.0,2.0,0.0,0.0
2522,0.007441816304067105,0.4112280578709622,0.023768208860111717,-0.0038152319246034117,-0.012368281144082505,0.0,2.0,0.0,0.0
2523,0.0069111366943603045,-0.042162217595805636,-0.08034973131997802,-0.034358717978150294,-0.03880828008976492,0.0,2.0,0.0,0.0
2524,0.006367703306154249,-0.017836277527411182,-0.2169703535266899,-0.004522414934047161,-0.012856649329579748,0.0,2.0,0.0,0.0
2525,0.005812518988816731,-0.5077674184508337,-0.06160646557157512,-0.035118645064454494,-0.03861053672718965,0.0,2.0,0.0,0.0
2526,0.0052466082768232464,0.4959641324852294,0.011754022056230074,-0.005221252998199936,-0.01332129090233511,0.0,2.0,0.0,0.0
2527,0.004671015499086713,0.03150460828238149,-0.12377165114403677,-0.0358137997089374,-0.0383415373094601,0.0,2.0,0.0,0.0
2528,0.004086802851757517,0.2894783970237252,0.0930790174251167,-0.00591045600097858,-0.01376135025133129,0.0,2.0,0.0,0.0
2529,0.003495048438052822,-0.2985211342209234,-0.06387725894163203,-0.0364428658194315,-0.038001798060994685,0.0,2.0,0.0,0.0
2530,0.0028968442787279084,-0.150403321961465,0.008316367619689112,-0.006588752366203579,-0.014176013555145051,0.0,2.0,0.0,0.0
2531,0.0022932942968688563,-0.07881624463531745,-0.018365118849809438,-0.037004693438600446,-0.03759192157574897,0.0,2.0,0.0,0.0
2532,0.0016855122807170144,-0.16324495286796464,0.035721525043436175,-0.007254885248386302,-0.014564516613853398,0.0,2.0,0.0,0.0
2533,0.0010746198282883066,-0.13210739250884268,-0.10437383665039243,-0.03749822159022046,-0.03711267456439773,0.0,2.0,0.0,0.0
2534,0.0004617442775842469,0.055833550103667716,0.01657452408849204,-0.007907627684059854,-0.014926142133792198,0.0,2.0,0.0,0.0
2535,-0.0001519833737944139,-0.37881369296552186,0.003787562524763026,-0.03792257315514852,-0.03656493770144354,0.0,2.0,0.0,0.0
2536,-0.0007654305557842261,0.1178486302141493,-0.1022434876470845,-0.008545779264389444,-0.01526022345650498,0.0,2.0,0.0,0.0
2537,-0.001377465215898807,-0.20237281591443504,-0.06831389385764902,-0.0382769385273867,-0.035949731635247874,0.0,2.0,0.0,0.0
2538,-0.0019869579083120576,-0.06675585875573414,-0.025893206953678284,-0.009168160559003258,-0.015566143018803139,0.0,2.0,0.0,0.0
2539,-0.002592783878134291,-0.019684928978041815,-0.06709605650683922,-0.03856066830393828,-0.035268173622136134,0.0,2.0,0.0,0.0
2540,-0.003193825137026888,0.08220723782475381,-0.14479068890671934,-0.009773625602809992,-0.01584333623582874,0.0,2.0,0.0,0.0
2541,-0.0037889725263340326,-0.2553908219941579,0.07452945721213719,-0.03877318896965856,-0.03452152492574167,0.0,2.0,0.0,0.0
2542,-0.004377127763918962,-0.016109080293571557,0.05165581610767385,-0.010361057958035772,-0.016091292310492028,0.0,2.0,0.0,0.0
2543,-0.004957205470927955,-0.3379818048626418,-0.026604353239368658,-0.03891419958471698,-0.03371117792156909,0.0,2.0,0.0,0.0
2544,-0.005528135174743652,-0.21586241798512784,0.06649428075205296,-0.010929368734088287,-0.016309553177574508,0.0,2.0,0.0,0.0
2545,-0.006088863284429147,-0.29866775443219135,-0.04428313077210207,-0.03898338201142529,-0.032838615477926054,0.0,2.0,0.0,0.0
2546,-0.006638355035021705,-0.4721840861599356,-0.04991081296412697,-0.011477510019853792,-0.016497716196956207,0.0,2.0,0.0,0.0
2547,-0.007175596397080457,-0.5104079586879634,-0.025560711093111282,-0.03898062262582079,-0.03190545198728551,0.0,2.0,0.0,0.0
2548,-0.007699595947973501,-0.21487369111289462,-0.128015639211284,-0.012004463032193735,-0.016655434964239168,0.0,2.0,0.0,0.0
2549,-0.008209386701443713,-0.11354727435377117,-0.11660481669708211,-0.03890594263723231,-0.03091342190264046,0.0,2.0,0.0,0.0
2550,-0.008704027892080062,-0.18400573718141155,0.008966281549902023,-0.012509261889527005,-0.016782417183737113,0.0,2.0,0.0,0.0
2551,-0.009182606711402594,-0.5333317389383295,-0.09527208297174665,-0.03875947146481998,-0.029864336859152824,0.0,2.0,0.0,0.0
2552,-0.009644239992354151,-0.37327832103973707,-0.1576710326143296,-0.012990969486708486,-0.01687842864970688,0.0,2.0,0.0,0.0
2553,-0.01008807583909293,-0.29628493190096983,-0.11568032086774926,-0.03854145398681256,-0.028760135580985856,0.0,2.0,0.0,0.0
2554,-0.010513295199076265,0.048562263578875,0.06284876196745662,-0.01344870996437134,-0.016943292529627722,0.0,2.0,0.0,0.0
2555,-0.010919113374537822,-0.11291753732140672,-0.06841145386169065,-0.038252352909890264,-0.027602859954280717,0.0,2.0,0.0,0.0
2556,-0.011304781470563264,0.017105246047058955,-0.07019222651461533,-0.013881635430406767,-0.01697689298961326,0.0,2.0,0.0,0.0
2557,-0.011669587777098221,-0.14749785395336087,-0.011956565694317335,-0.03789264664043873,-0.02639465751692464,0.0,2.0,0.0,0.0
2558,-0.01201285908233528,0.11480643061702345,-0.01826731992915015,-0.014288944901345834,-0.016979165225842353,0.0,2.0,0.0,0.0
2559,-0.012333961915054278,0.3120336808413676,0.14649158207682494,-0.037463012894466796,-0.025137746285220978,0.0,2.0,0.0,0.0
2560,-0.012632303713628347,-0.2585367387294794,0.08531544004855313,-0.014669886011232515,-0.01695010397898423,0.0,2.0,0.0,0.0
2561,-0.012907333919533713,0.1902740408948503,-0.1025148860270108,-0.036964236571651064,-0.023834452301830494,0.0,2.0,0.0,0.0
2562,-0.013158544993347957,-0.35691789750850594,0.07551754890806592,-0.015023755706984042,-0.016889764501337928,0.0,2.0,0.0,0.0
2563,-0.013385473351360432,-0.20169356828763907,0.05970182913461104,-0.036397243550410054,-0.02248718076062753,0.0,2.0,0.0,0.0
2564,-0.013587700221068262,-0.012691153595937222,-0.12655762641239288,-0.015349901033493945,-0.01679825399643986,0.0,2.0,0.0,0.0
2565,-0.013764852413976134,-0.28531593249142495,-0.06894633733315536,-0.035763084556699944,-0.02109839294896814,0.0,2.0,0.0,0.0
2566,-0.01391660301427706,-0.07602884451295525,-0.13329945755072029,-0.015647720301451278,-0.01667573729033468,0.0,2.0,0.0,0.0
2567,-0.014042671982141482,-0.3389665453081288,-0.08811722365647294,-0.03506293330005757,-0.019670652683268463,0.0,2.0,0.0,0.0
2568,-0.014142826670500793,-0.4493726572052657,-0.045242097341787885,-0.015916664069720143,-0.01652244978742991,0.0,2.0,0.0,0.0
2569,-0.014216882254373656,-0.1835914366084249,0.19122455773871755,-0.034298082752823124,-0.018206639297863533,0.0,2.0,0.0,0.0
2570,-0.014264702071940822,0.02829231200032177,0.10775916201389349,-0.016156243786001473,-0.016338672379509332,0.0,2.0,0.0,0.0
2571,-0.014286197876740432,-0.3664385372366042,0.057440165943928756,-0.033469936935693174,-0.016709032500380406,0.0,2.0,0.0,0.0
2572,-0.014281330000517407,0.07600026588529255,0.09692774100295182,-0.016366006937075316,-0.016124743705768392,0.0,2.0,0.0,0.0
2573,-0.014250107426427183,-0.0540736391773964,-0.031802265982768224,-0.03258002855614009,-0.015180572922031411,0.0,2.0,0.0,0.0
2574,-0.01419258777245817,0.07145869834542894,-0.08828785836697811,-0.0165455677278895,-0.015881057167937106,0.0,2.0,0.0,0.0
2575,-0.014108877185103886,-0.514235367148792,-0.01093627590961904,-0.031629988607097224,-0.013624078072312456,0.0,2.0,0.0,0.0
2576,-0.013999130143480615,0.12613091457986086,-0.09798733620383213,-0.016694594766968638,-0.015608066941815211,0.0,2.0,0.0,0.0
2577,-0.013863549174252442,-0.37972327032848513,0.05378341664471838,-0.030621572365658357,-0.012042500424460126,0.0,2.0,0.0,0.0
2578,-0.013702384477889469,0.2060955630194798,-0.012694246929747454,-0.01681281304613503,-0.015306274292288619,0.0,2.0,0.0,0.0
2579,-0.013515933466949336,0.0387378843669277,0.018456388383947524,-0.029556642595472513,-0.010438700897128278,0.0,2.0,0.0,0.0
2580,-0.013304540217232872,0.11390406943486958,-0.03722082044798981,-0.01690000443614077,-0.014976231092866431,0.0,2.0,0.0,0.0
2581,-0.013068594832829043,-0.020262966079808403,0.2758365413050652,-0.028437166124125387,-0.008815556566111393,0.0,2.0,0.0,0.0
2582,-0.012808532726218444,-0.21241901128438004,-0.08919260654069758,-0.016956008407324846,-0.01461854366435185,0.0,2.0,0.0,0.0
2583,-0.012524833814764602,-0.3821901433145283,0.026460795373344236,-0.02726521065037107,-0.007176051703489536,0.0,2.0,0.0,0.0
2584,-0.012218021635077916,-0.04185957577111674,-0.14458585337051608,-0.01698072158535142,-0.014233873253609022,0.0,2.0,0.0,0.0
2585,-0.01188866237688274,-0.4245474900885542,-0.14419023859776053,-0.026042942897499564,-0.005523260041689179,0.0,2.0,0.0,0.0
2586,-0.011537363838174016,0.0850928170053232,-0.11085348683989914,-0.016974098300406956,-0.013822940363660899,0.0,2.0,0.0,0.0
2587,-0.01116477430358957,0.2637025519277156,0.05292122137956927,-0.024772614578925777,-0.0038604099525059964,0.0,2.0,0.0,0.0
2588,-0.01077158134806938,-0.6186508668193342,-0.1150213950245538,-0.016936153525835267,-0.013386503782837123,0.0,2.0,0.0,0.0
2589,-0.010358510568006667,-0.2505999688091555,-0.045813526411020745,-0.023456566150987367,-0.002190524644237505,0.0,2.0,0.0,0.0
2590,-0.009926324242237477,-0.02143810464332241,0.04916892858083574,-0.016866955257809586,-0.012925368894613551,0.0,2.0,0.0,0.0
2591,-0.009475819925334243,0.11422787977739146,-0.067900358754618,-0.02209725223011293,-0.0005166551851457195,0.0,2.0,0.0,0.0
2592,-0.009007828975801454,-0.12900015557172198,0.016444936720553114,-0.0167666315831713,-0.012440385457808949,0.0,2.0,0.0,0.0
2593,-0.008523215021892608,-0.44724303467274307,-0.017340840428427123,-0.020697175787826066,0.0011581418692448912,0.0,2.0,0.0,0.0
2594,-0.00802287236787313,0.051437357758329895,0.023160592328433583,-0.01663536819101643,-0.011932446567564193,0.0,2.0,0.0,0.0
2595,-0.0075077243436763134,-0.2814346777623545,-0.11299748559774328,-0.019258903110299885,0.0028308105374012615,0.0,2.0,0.0,0.0
2596,-0.0069787216009943726,0.049886246468897916,0.04869897522164807,-0.01647340182941007,-0.011402488203984635,0.0,2.0,0.0,0.0
2597,-0.0064368403589512525,-0.3958525873074133,0.12712373486408093,-0.017785054272019988,0.004498274375423586,0.0,2.0,0.0,0.0
2598,-0.005883080602590588,-0.020051290947128063,0.1344417098660347,-0.016281029502627855,-0.010851489174087528,0.0,2.0,0.0,0.0
2599,-0.005318464237510419,0.407856842847495,0.2041282503199997,-0.016278368106858003,0.006157448174433096,0.0,2.0,0.0,0.0
2600,-0.004744033204042265,-0.28613678431197986,0.019636306015471013,-0.016058617233737204,-0.010280464739808483,0.0,2.0,0.0,0.0
2601,-0.004160847554459228,0.31749494659300287,0.08385864675602228,-0.014741711953239969,0.0078052770147948505,0.0,2.0,0.0,0.0
2602,-0.003569983496761172,0.10475423692324588,0.15521581666382805,-0.01580657299725909,-0.009690468906497565,0.0,2.0,0.0,0.0
2603,-0.0029725314086452583,-0.19678946075392,0.1034550551274945,-0.013177871807263517,0.009438720419073914,0.0,2.0,0.0,0.0
2604,-0.002369593825329172,-0.128198940658814,-0.10067757801874316,-0.015525359428950803,-0.009082589084937927,0.0,2.0,0.0,0.0
2605,-0.0017622834049357272,0.10741822577384902,0.05933657453416519,-0.011589694633701145,0.011054769630062983,0.0,2.0,0.0,0.0
2606,-0.0011517208752014993,-0.33945921301348414,0.14986101613203984,-0.015215492926215636,-0.008457947115323144,0.0,2.0,0.0,0.0
2607,-0.0005390329652900467,-0.07932189743197705,0.24927468998094143,-0.009980080477830618,0.012650445089652535,0.0,2.0,0.0,0.0
2608,7.46496734699063e-05,-0.49251321298096756,-0.17660563991418654,-0.014877541334372107,-0.007817694380165873,0.0,2.0,0.0,0.0
2609,0.0006881945540803726,0.4057611974195149,0.143883037372394,-0.008351956219543676,0.014222806952954511,0.0,2.0,0.0,0.0
2610,0.001300469443762404,-0.0029906269938174608,-0.004304685258071594,-0.014512128634858484,-0.007163012319636345,0.0,2.0,0.0,0.0
2611,0.0019103444533720162,-0.00808820385633239,0.040140164787859284,-0.006708360058337632,0.01576895481463725,0.0,2.0,0.0,0.0
2612,0.002516694122492597,0.1855888643198587,0.05842281954675418,-0.01411993767712811,-0.006495106648418134,0.0,2.0,0.0,0.0
2613,0.003118399496353161,0.009760411290300528,-0.09721176634131287,-0.005052478850320361,0.017286042448641216,0.0,2.0,0.0,0.0
2614,0.003714350190744307,-0.06709670838199826,0.16507956524327935,-0.013701695859617096,-0.005815210325316323,0.0,2.0,0.0,0.0
2615,0.004303446441113323,0.3399357036640028,0.0946619323735444,-0.0033873867195070412,0.018771270077699555,0.0,2.0,0.0,0.0
2616,0.004884601132065631,-0.3149427360295384,-0.08400162300967663,-0.01325817383410381,-0.005124575241520482,0.0,2.0,0.0,0.0
2617,0.005456741803523448,-0.4968099201966785,-0.09184301296701425,-0.0017160999718549984,0.02022188805885875,0.0,2.0,0.0,0.0
2618,0.006018812629835981,-0.045930514937758196,-0.0293779269440442,-0.012790188662687234,-0.004424474901899545,0.0,2.0,0.0,0.0
2619,0.006569776368197122,-0.3197203384476648,0.07152543312474975,-4.164857348221596e-05,0.021635195997405807,0.0,2.0,0.0,0.0
2620,0.007108616272767388,-0.23565285247745607,0.10132713857732863,-0.012298597176211368,-0.0037162067856689562,0.0,2.0,0.0,0.0
2621,0.007634337970972185,-0.027746825861838124,-0.13182192464188902,0.0016329904670606683,0.023008546918751788,0.0,2.0,0.0,0.0
2622,0.008145971298511318,-0.1773248072049635,-0.028797210214097865,-0.01178430277258296,-0.0030010868825410546,0.0,2.0,0.0,0.0
2623,0.00864257208969742,-0.01116494850710276,-0.14639871845388197,0.0033047064476930833,0.02433935361400977,0.0,2.0,0.0,0.0
2624,0.009123223919812577,-0.24917047110508245,0.046919375812651466,-0.011248258436167379,-0.00228044146159932,0.0,2.0,0.0,0.0
2625,0.009587039796275154,0.46838188575798256,0.15538911764381697,0.004970339772996969,0.02562512634289516,0.0,2.0,0.0,0.0
2626,0.010033163795492529,0.044147745286983626,-0.0300080143114601,-0.0106914533323745,-0.0015555890064495807,0.0,2.0,0.0,0.0
2627,0.010460772642376413,-0.4189184875090407,-0.11621777719044453,0.0066268310320112865,0.026863611093078128,0.0,2.0,0.0,0.0
2628,0.010869077229612396,0.11232620004448901,0.0384074735567451,-0.010114910898216135,-0.0008278670084610889,0.0,2.0,0.0,0.0
2629,0.011257324073874073,-0.40214665741914635,0.04904354912504361,0.008271124132165625,0.028052524861256565,0.0,2.0,0.0,0.0
2630,0.0116247967062978,-0.13305314413785177,-0.14750877261972498,-0.009519699543560566,-9.861775668328405e-05,0.0,2.0,0.0,0.0
2631,0.011970816994650548,0.02824935265621826,0.13902924203852005,0.009900135029775313,0.029189680450417452,0.0,2.0,0.0,0.0
2632,0.012294746394752044,-0.07089385677630662,-0.012041173558453857,-0.008906924302760444,0.0006308120520130395,0.0,2.0,0.0,0.0
2633,0.012595987128841841,-0.3957265228156625,0.058899662705205344,0.01151076943328739,0.030272956045629986,0.0,2.0,0.0,0.0
2634,0.01287398328871417,-0.15222190519349846,0.13136229215240844,-0.008277714873975587,0.001359078886474454,0.0,2.0,0.0,0.0
2635,0.013128221861589406,0.0695585276815659,0.08964526969730535,0.013100121106673456,0.031300405735332985,0.0,2.0,0.0,0.0
2636,0.0133582336768249,0.3405468905654631,0.05526873002424985,-0.007633232475403899,0.0020848364952345878,0.0,2.0,0.0,0.0
2637,0.013563594271720379,0.2222010196035151,-0.10291050331829427,0.014665237936342723,0.03227007309241169,0.0,2.0,0.0,0.0
2638,0.013743924674819061,0.06435467095545572,-0.10144875521663356,-0.006974664146519509,0.002806748135235005,0.0,2.0,0.0,0.0
2639,0.01389889210526046,0.43731220676264665,0.06151284615939271,0.01620333051280602,0.03318022399832977,0.0,2.0,0.0,0.0
2640,0.014028210586891772,0.14372159245506264,-0.009648152059280385,-0.006303224645021653,0.0035234803817842143,0.0,2.0,0.0,0.0
2641,0.014131641476007355,0.019897818551950174,-0.02176048849376979,0.01771153283359159,0.0340291475142538,0.0,2.0,0.0,0.0
2642,0.014208993901740791,0.06411215805365784,-0.03291898782941946,-0.005620153615355072,0.004233709942743425,0.0,2.0,0.0,0.0
2643,0.014260125118296638,0.6553170449635655,-0.01031034202630915,0.019187026163337763,0.03481526567702765,0.0,2.0,0.0,0.0
2644,0.014284940768373208,-0.09026821863085956,-0.00822677044137882,-0.0049267125727943725,0.004936122328219184,0.0,2.0,0.0,0.0
2645,0.014283395057288904,0.11102721662798118,-0.04362000184214071,0.02062712503676766,0.03553714858207252,0.0,2.0,0.0,0.0
2646,0.014255490837491525,0.11419774588987927,0.030046120292846035,-0.004224181314629192,0.005629427035660242,0.0,2.0,0.0,0.0
2647,0.014201279603294458,0.5171091598290961,-0.1615566963180583,0.022029137857967618,0.03619340666710531,0.0,2.0,0.0,0.0
2648,0.014120861395849137,-0.37580646666236844,0.16548462984802986,-0.0035138551495521894,0.006312345223419043,0.0,2.0,0.0,0.0
2649,0.014014384618529793,-0.0614430842667564,-0.03011610265820505,0.02339051613731221,0.03678289841340954,0.0,2.0,0.0,0.0
2650,0.013882045763070559,-0.17220256014165514,0.19924247381407043,-0.0027970439829920956,0.006983613947876701,0.0,2.0,0.0,0.0
2651,0.01372408904696022,-0.03354339946976128,-0.025862503781106556,0.0247087419967463,0.037304502094208276,0.0,2.0,0.0,0.0
2652,0.013540805962765018,-0.5142623648526529,0.01551072549039248,-0.002075070644626793,0.007641997279592786,0.0,2.0,0.0,0.0
2653,0.01333253474020917,0.12590314288794266,-0.16187581427062347,0.025981382503153537,0.03775730389613208,0.0,2.0,0.0,0.0
2654,0.013099659722007575,-0.4182123395647512,-0.030591732390303262,-0.0013492677106600372,0.008286278923741123,0.0,2.0,0.0,0.0
2655,0.012842610654601506,-0.02748553251255509,0.054797895767568106,0.027206080433312213,0.038140435173174655,0.0,0.0,0.0,0.0
2656,0.012561861895106906,-0.0025137114242300336,0.0037316321358742324,-0.0006209752393616068,0.008915263120883265,0.0,0.0,0.0,0.0
2657,0.012257931535937554,0.09558789724530914,-0.06870688893611618,0.02838056745549169,0.03845315844599751,0.0,0.0,0.0,0.0
2658,0.011931380448720023,-0.015163811830208923,0.04861115172489745,0.0001084597694652423,0.009527789015657647,0.0,0.0,0.0,0.0
2659,0.011582811249264342,0.04674704402640552,0.24181784750632568,0.02950263028611932,0.038694905004587846,0.0,0.0,0.0,0.0
2660,0.011212867185498441,0.09424005603869315,0.035373574289322585,0.0008376953400959428,0.01012274101716443,0.0,0.0,0.0,0.0
2661,0.010822230950423116,0.022065629229764107,0.1498022056017393,0.030570263478127236,0.03886526147801231,0.0,0.0,0.0,0.0
2662,0.010411623422272209,-0.05528942308081561,0.1590716971005441,0.0015653843582821329,0.010699013995780058,0.0,0.0,0.0,0.0
2663,0.009981802334208666,-0.0065136392139306665,0.034788337968102975,0.031581499578789356,0.03896385171624951,0.0,0.0,0.0,0.0
2664,0.009533560876005731,-0.06694597479236616,0.1823118915609972,0.0022901858566087884,0.011255543374211377,0.0,0.0,0.0,0.0
2665,0.009067726230300183,0.05326721710716567,-0.13577628829715738,0.03253447565791838,0.03899058272812918,0.0,0.0,0.0,0.0
2666,0.00858515804611265,-0.11142368575208356,0.03706452384268079,0.0030107609805200036,0.01179130124687867,0.0,0.0,0.0,0.0
2667,0.00808674685245444,-0.048461285108437974,0.029682287410126743,0.03342740911426581,0.03894534751841561,0.0,0.0,0.0,0.0
2668,0.007573412414951648,-0.021116152925589323,0.18538536284311188,0.0037257792000507423,0.012305299676040162,0.0,0.0,0.0,0.0
2669,0.007046102038512321,0.10934817654580443,-0.0937020627378521,0.034258642595755714,0.03882826621299411,0.0,0.0,0.0,0.0
2670,0.006505788819175329,0.08340658714261984,0.0027392177780524805,0.004433922724218816,0.012796584021582381,0.0,0.0,0.0,0.0
2671,0.00595346984836326,-0.05969157841877698,0.11707511280766043,0.03502667513673631,0.03863954370660558,0.0,0.0,0.0,0.0
2672,0.005390164372855609,0.0520030335146465,-0.02829532397839403,0.0051338830492502815,0.013264253624421294,0.0,0.0,0.0,0.0
2673,0.004816911913873634,0.07986793204861328,0.012371428918685305,0.03573005502765025,0.03837951879754189,0.0,0.0,0.0,0.0
2674,0.004234770348755288,0.004454372668048875,-0.05199678544028012,0.0058243651561131335,0.013707449863861604,0.0,0.0,0.0,0.0
2675,0.0036448139587523668,0.07528834088544281,-0.14905598093244124,0.036367512403494645,0.03804864885759071,0.0,0.0,0.0,0.0
2676,0.0030481314465558413,0.002820609179829469,0.021141826602878735,0.00650410526443391,0.014125353809338369,0.0,0.0,0.0,0.0
2677,0.002445823927211678,-0.07214138314575681,0.05608957084527888,0.03693785948097909,0.0376475292223415,0.0,0.0,0.0,0.0
2678,0.0018390028961262628,-0.03861247043891621,-0.04496667494102193,0.007171841966231976,0.014517189937071765,0.0,0.0,0.0,0.0
2679,0.001228788177919091,-0.001796642705284797,0.06597728331091768,0.03744001878756648,0.03717694813031608,0.0,0.0,0.0,0.0
2680,0.0006163058599033884,0.015582724183234597,-0.0779891395976507,0.007826343600323122,0.014882237139851083,0.0,0.0,0.0,0.0
2681,2.6862140107962906e-06,0.12222068547399496,0.14525440729256928,0.03787311522321518,0.03663778004416366,0.0,0.0,0.0,0.0
2682,-0.0006109383890082442,0.03556257365033189,-0.14093100949406864,0.00846640215516615,0.015219820672503362,0.0,0.0,0.0,0.0
2683,-0.0012234355692554342,0.08389650482567042,0.10116459621223983,0.0382363078313392,0.03603099932089326,0.0,0.0,0.0,0.0
2684,-0.00183367502737224,0.030335154373652022,0.09827975338660405,0.009090837331162512,0.015529317571780783,0.0,0.0,0.0,0.0
2685,-0.0024405306303911297,0.16331503700653066,0.05590691015178696,0.03852894847921205,0.0353577263472882,0.0,0.0,0.0,0.0
2686,-0.0030428824898931237,0.03217927819542884,-0.05093767921106017,0.009698498445398423,0.01581015669756647,0.0,0.0,0.0,0.0
2687,-0.003639619028646727,0.018348113963615024,-0.14946550849862827,0.038750515516176885,0.03461920387400141,0.0,0.0,0.0,0.0
2688,-0.004229639031906212,0.07486206079092783,-0.033842003808426904,0.010288256514760629,0.01606181979964488,0.0,0.0,0.0,0.0
2689,-0.00481185367958842,0.01929561918483944,-0.03780452322574155,0.038900549362713706,0.03381679503807821,0.0,0.0,0.0,0.0
2690,-0.00538518855557554,0.05985796708150173,0.005543984672351673,0.010859022873460142,0.016283842473412836,0.0,0.0,0.0,0.0
2691,-0.0059485856304376744,0.06289760291863106,0.08004056359771862,0.038978785349195695,0.03295198084790389,0.0,0.0,0.0,0.0
2692,-0.0065010052139165535,-0.08386078857483248,0.005152918081442139,0.011409750854254429,0.016475815016238873,0.0,0.0,0.0,0.0
2693,-0.00704142787356255,0.047438723832884507,0.0009456131741529678,0.03898509725016418,0.032026357450690844,0.0,0.0,0.0,0.0
2694,-0.007568856315992454,0.007155609371751065,0.19202639918162928,0.011939418981254333,0.016637383132666314,0.0,0.0,0.0,0.0
2695,-0.008082317227288983,-0.07402364062648016,0.0912025745017972,0.03891945208985967,0.031041631595156664,0.0,0.0,0.0,0.0
2696,-0.008580863069149963,-0.10899766403322195,0.07376834428543062,0.012447059823410777,0.016768248919011863,0.0,0.0,0.0,0.0
2697,-0.009063573827470146,0.10368918846094716,0.038486779758434154,0.03878200399772792,0.02999962583393423,0.0,0.0,0.0,0.0
2698,-0.009529558710132606,-0.0298941550772883,0.061546623568995915,0.012931732497695919,0.016868170697863467,0.0,0.0,0.0,0.0
2699,-0.009977957790870151,-0.010815180390901284,0.05788707471032316,0.03857300831731678,0.02890225798457109,0.0,0.0,0.0,0.0
2700,-0.01040794359617014,0.09522438668520564,0.22183501551041154,0.013392547402522126,0.016936965383359835,0.0,0.0,0.0,0.0
2701,-0.010818722632290926,-0.04891680416806293,-0.07626349150767105,0.038292822749587035,0.02775156566454673,0.0,0.0,0.0,0.0
2702,-0.011209536849569582,-0.05741641168107074,-0.07714940930841062,0.013828645238373584,0.016974504113450088,0.0,0.0,0.0,0.0
2703,-0.011579665041324638,-0.021830590089199423,0.12557952904773123,0.037941961294069085,0.026549646457482815,0.0,0.0,0.0,0.0
2704,-0.01192842417476675,-0.01725092274185257,-0.09346704553114485,0.014239221466134381,0.016980718134880043,0.0,0.0,0.0,0.0
2705,-0.012255170651464364,0.011850876924137888,0.12753017574971653,0.03752109630597981,0.025298734628930973,0.0,0.0,0.0,0.0
2706,-0.012559301495036758,-0.014325562920473555,0.021818308159023362,0.014623522781802591,0.016955595218115925,0.0,0.0,0.0,0.0
2707,-0.012840255463884407,0.08528780175970181,-0.1927309748225317,0.037030975603799046,0.024001127239289197,0.0,0.0,0.0,0.0
2708,-0.013097514086901177,0.0338221817431862,0.18026402434433486,0.014980838587664098,0.01689918262901368,0.0,0.0,0.0,0.0
2709,-0.013330602620258128,0.03483842350959257,0.14422960305082577,0.03647251830748201,0.022659245374617266,0.0,0.0,0.0,0.0
2710,-0.013539090923494371,0.06281659449614,0.02799605487262973,0.015310509444057862,0.016811583590672276,0.0,0.0,0.0,0.0
2711,-0.013722594253295133,0.05568237760783092,0.13053076129552188,0.03584675571684663,0.02127556255986923,0.0,0.0,0.0,0.0
2712,-0.013880773973496045,-0.07231958869474302,0.22987566665690268,0.015611926545486052,0.01669296269052363,0.0,0.0,0.0,0.0
2713,-0.014013338180000324,-0.02718926321809389,0.13035999413709481,0.03515485277380537,0.01985261793552537,0.0,0.0,0.0,0.0
2714,-0.014120042239457307,0.03146753165381077,0.0701409769413903,0.015884534434218386,0.0165435341852707,0.0,0.0,0.0,0.0
2715,-0.014200689240707522,0.03575429336293959,-0.06004791980386638,0.03439807474219664,0.01839298726368761,0.0,0.0,0.0,0.0
2716,-0.014255130358161814,-0.046018561746069886,0.14691773553785978,0.016127830474062754,0.016363573550770127,0.0,0.0,0.0,0.0
2717,-0.014283265126443217,0.1371107603469416,0.08294996092532975,0.033577814014163015,0.016899375276371264,0.0,0.0,0.0,0.0
2718,-0.014285041625785316,-0.07214234991276844,-0.0793724814769638,0.016341364681529375,0.016153421862724303,0.0,0.0,0.0,0.0
2719,-0.014260456577844744,0.0040629766620333616,-0.18404024303388233,0.032695588481489284,0.015374698345492255,0.0,0.0,0.0,0.0
2720,-0.014209555351751037,-0.027007979609937782,0.2035791837951626,0.0165247460657571,0.015913462903101597,0.0,0.0,0.0,0.0
2721,-0.01413243188038262,0.050060492061274525,0.0034764164349105134,0.031753002175595874,0.013821662201760836,0.0,0.0,0.0,0.0
2722,-0.014029228487023551,0.01993869768275969,-0.0821776529630592,0.01667763396749479,0.015644138612444788,0.0,0.0,0.0,0.0
2723,-0.013900135622720761,0.10640633763726538,0.19541644058346208,0.030751833139233558,0.012243116092786398,0.0,0.0,0.0,0.0
2724,-0.013745391514826734,0.06775433196837226,0.1545222475193891,0.016799744155167065,0.015345946333690927,0.0,0.0,0.0,0.0
2725,-0.01356528172737591,0.027429840726923546,0.10938858561160908,0.0296939080504003,0.010641983932900322,0.0,0.0,0.0,0.0
2726,-0.013360138634105718,0.005731840327753136,0.06470945479176853,0.016890852969250008,0.015019436437225215,0.0,0.0,0.0,0.0
2727,-0.013130340805096482,0.06153645121757143,0.2784049328128474,0.028581186783840945,0.00902121773089899,0.0,0.0,0.0,0.0
2728,-0.012876312308159318,0.04641946039831158,0.05711466246284416,0.01695079083489598,0.014665211413110484,0.0,0.0,0.0,0.0
2729,-0.01259852192626376,0.07601821465577795,-0.116836611526517,0.02741571573317138,0.007383807814300955,0.0,0.0,0.0,0.0
2730,-0.012297482292447726,-0.02187447409308317,-0.16422538837977646,0.016979448077414624,0.0142839245641763,0.0,0.0,0.0,0.0
2731,-0.011973748943807403,0.004134159860813582,-0.04004089897315681,0.026199661970326884,0.005732773813414631,0.0,0.0,0.0,0.0
2732,-0.01162791929631114,0.048416063970179425,0.09540804984812579,0.016976771599563185,0.013876280284915964,0.0,0.0,0.0,0.0
2733,-0.011260631542331158,0.006545673767344634,-0.14246388525700615,0.024935267382010486,0.004071166550934969,0.0,0.0,0.0,0.0
2734,-0.010872563472926937,-0.003315882520863473,0.1633999361659692,0.016942765993555948,0.01344303006963928,0.0,0.0,0.0,0.0
2735,-0.010464431227051455,-0.0617538252922188,0.013825646890703862,0.023624863121805856,0.00240204843685769,0.0,0.0,0.0,0.0
2736,-0.0100369879699936,-0.030771387751096627,-0.28138859627969537,0.01687749273454129,0.01298497439813374,0.0,0.0,0.0,0.0
2737,-0.009591022503489127,0.10473404807221784,-0.14562774443956764,0.022270861306540785,0.0007285032530821298,0.0,0.0,0.0,0.0
2738,-0.009127357810070364,-0.04032744691535878,0.12311594325663319,0.016781071392065448,0.012502957626484816,0.0,0.0,0.0,0.0
2739,-0.008646849534337924,-0.10157751794718399,0.003142919501566427,0.020875761096218207,-0.0009463847295601693,0.0,0.0,0.0,0.0
2740,-0.008150384403958887,-0.05556961020629715,0.1002111450161286,0.016653686566281706,0.011997870297467704,0.0,0.0,0.0,0.0
2741,-0.007638878593302866,-0.005629171209193335,-0.0646074564039555,0.01944215191985112,-0.002619521221534065,0.0,0.0,0.0,0.0
2742,-0.007113276032738683,0.07098434878307817,0.1204110473345985,0.016495570448491672,0.011470643436784564,0.0,0.0,0.0,0.0
2743,-0.006574546666710515,0.039878908321222054,-0.08375407777676659,0.01797267125511853,-0.004287822651515153,0.0,0.0,0.0,0.0
2744,-0.00602368466380512,-0.029200606817423844,-0.11472391627652713,0.016307014650126513,0.010922251179594398,0.0,0.0,0.0,0.0
2745,-0.005461706582120401,-0.023847595726242052,-0.03349153097082083,0.016470033058703974,-0.005948206569379454,0.0,0.0,0.0,0.0
2746,-0.004889649493311985,0.04019354090367137,-0.09557395591978757,0.01608836693373177,0.010353704037858173,0.0,0.0,0.0,0.0
2747,-0.004308569068787074,0.06394173679737766,-0.02197467088424531,0.014937006497057405,-0.007597613995585048,0.0,0.0,0.0,0.0
2748,-0.0037195376315731113,0.0304905289514815,0.0019005540741574359,0.015840031402340582,0.009766047762742421,0.0,0.0,0.0,0.0
2749,-0.003123642177458799,0.06174345163050822,0.07636737624064163,0.013376424297739805,-0.009233083375273109,0.0,0.0,0.0,0.0
2750,-0.0025219823690561132,0.04087917155528664,-0.009092805981190121,0.0155624657750326,0.009160364695671896,0.0,0.0,0.0,0.0
2751,-0.0019156685064887701,-0.0029196047017995726,-0.03266664908899547,0.011791161316635795,-0.010851577236389078,0.0,0.0,0.0,0.0
2752,-0.0013058194784505187,-0.11200572655784821,0.1998776802976198,0.015256182909376241,0.008537775884691614,0.0,0.0,0.0,0.0
2753,-0.0006935606974110981,-0.05289513120937617,0.06801512678949813,0.010184146627427722,-0.01245004493379373,0.0,0.0,0.0,0.0
2754,-8.002202278828699e-05,0.056099977751100406,0.04723603749962034,0.01492174693155899,0.007899433785564104,0.0,0.0,0.0,0.0
2755,0.0005336643240916689,-0.003997563332737935,-0.28832888996744716,0.008558337156587666,-0.014025470153290295,0.0,0.0,0.0,0.0
2756,0.0011463658493880377,-0.053402569595552396,-0.044549351834816245,0.014559775012750648,0.007246510895563442,0.0,0.0,0.0,0.0
2757,0.0017569518766457225,-0.004279337747655545,0.006755609296230083,0.006916729215699043,-0.01557507135143798,0.0,0.0,0.0,0.0
2758,0.002364295633339554,0.024583640076328774,0.16946258240439557,0.014170935578961347,0.00658021611349474,0.0,0.0,0.0,0.0
2759,0.002967276330214108,0.025018098366124234,-0.1600832838613582,0.005262348930170659,-0.01709591328152479,0.0,0.0,0.0,0.0
2760,0.003564781229585013,0.040584560363234864,0.11591303131490836,0.013755945006308225,0.005901785427246992,0.0,0.0,0.0,0.0
2761,0.004155707698776949,0.02285463307225323,0.1531786922821363,0.003598242430143689,-0.018585211420865406,0.0,0.0,0.0,0.0
2762,0.004738965244918883,0.03954949361466205,0.11139177332219169,0.013315567979006116,0.00521245369936699,0.0,0.0,0.0,0.0
2763,0.0053134775273333875,0.10372261918087498,-0.2604281004264338,0.0019274677075535756,-0.020040209724015812,0.0,0.0,0.0,0.0
2764,0.005878184343810943,0.08167300227978996,-0.16308971691987945,0.012850615799610112,0.004513502040114385,0.0,0.0,0.0,0.0
2765,0.006432043587101274,-0.04908440050756347,0.05798930055819954,0.00025309313811411934,-0.02145822686578245,0.0,0.0,0.0,0.0
2766,0.006974033168014183,0.06594066007836917,-0.027183735909510412,0.012361945084116832,0.00380622046166224,0.0,0.0,0.0,0.0
2767,0.00750315290157746,-0.01574193929909941,0.033438085834239184,-0.0014217947210253576,-0.022836645176435525,0.0,0.0,0.0,0.0
2768,0.008018426352772761,0.11308962113283962,0.20990481229691732,0.011850456213290603,0.0030919149910198993,0.0,0.0,0.0,0.0
2769,0.008518902638445998,-0.05637080322008903,-0.019793773446474257,-0.0030941136279295342,-0.024172912632996653,0.0,0.0,0.0,0.0
2770,0.009003658182060153,-0.06160123870825865,0.0018932186995926558,0.011317092192449769,0.0023719050223836853,0.0,0.0,0.0,0.0
2771,0.009471798418060864,0.04729582733157854,-0.02399070586204334,-0.004760776613495988,-0.02546457166357346,0.0,0.0,0.0,0.0
2772,0.009922459442702551,-0.021996529248995304,-0.024561862661318525,0.010762837498722672,0.0016475156224409412,0.0,0.0,0.0,0.0
2773,0.01035480960829256,-0.023251201378859814,0.038612231384635126,-0.006418685446122831,-0.026709237254165852,0.0,0.0,0.0,0.0
2774,0.010768051057909261,0.014294689556264277,-0.07985202494759032,0.010188716486292337,0.0009200878235793114,0.0,0.0,0.0,0.0
2775,0.011161421197764232,-0.014811031811718639,-0.033975786921665856,-0.00806474892225762,-0.02790460859361118,0.0,0.0,0.0,0.0
2776,0.011534194104488728,0.0973451121225987,-0.14897807252400377,0.009595790551759993,0.0001909595928519866,0.0,0.0,0.0,0.0
2777,0.011885681864748724,0.037654539978365126,-0.02361257798597071,-0.009695897952154538,-0.02904848422329722,0.0,0.0,0.0,0.0
2778,0.012215235844718194,-0.015983760941528685,0.01603561930139466,0.008985156139843482,-0.0005385209722535702,0.0,0.0,0.0,0.0
2779,0.012522247887063222,0.0505005174988862,-0.1990249163577779,-0.011309095732390856,-0.030138749412630197,0.0,0.0,0.0,0.0
2780,0.012806151433233891,0.009084174619270472,-0.1395887136646258,0.008357944556064145,-0.001267005857098095,0.0,0.0,0.0,0.0
2781,0.013066422568988227,0.020225011680446575,-0.11511593698409334,-0.01290132793699337,-0.03117339490993148,0.0,0.0,0.0,0.0
2782,0.01330258099122081,-0.007031480022665699,-0.08198229967809109,0.0077153182016304524,-0.0019931548153760653,0.0,0.0,0.0,0.0
2783,0.013514190894312394,-0.04305087699131578,-0.06055026330496909,-0.014469624450947016,-0.03215051195146234,0.0,0.0,0.0,0.0
2784,0.01370086177436283,0.01825944344266541,-0.07872596850684657,0.007058451090173451,-0.0027156236430654138,0.0,0.0,0.0,0.0
2785,0.01386224914982589,-0.017907465931168112,-0.21123774196175196,-0.016011302784647706,-0.03306829674011593,0.0,0.0,0.0,0.0
2786,0.013998055197212988,0.06329862842783386,-0.03343337327227115,0.00638856279053442,-0.0034330793896169024,0.0,0.0,0.0,0.0
2787,0.014108029300695872,0.0014573560789471023,0.16788138089945223,-0.01752336539217464,-0.033924999886666966,0.0,0.0,0.0,0.0
2788,0.014191968514591586,-0.0329099890879258,-0.06356232649273977,0.005706884764935989,-0.004144201828240267,0.0,0.0,0.0,0.0
2789,0.014249717937877526,0.056285858143019146,0.24339825268829435,-0.01900313277222113,-0.03471913709274989,0.0,0.0,0.0,0.0
2790,0.014281171000044977,0.12366981894305813,0.028716600749385496,0.005014675762573128,-0.004847675906572267,0.0,0.0,0.0,0.0
2791,0.01428626965776394,0.022463662350375935,-0.03981978459754759,-0.020447837009816564,-0.0354492083305598,0.0,0.0,0.0,0.0
2792,0.014265004501995906,0.06613696563693512,-0.005361262969336474,0.004313213653156978,-0.005542199040633955,0.0,0.0,0.0,0.0
2793,0.014217414775357347,-0.0065554078796226135,-0.14790092652413117,-0.021854803532408283,-0.036113849610245746,0.0,0.0,0.0,0.0
2794,0.014143588299701424,-0.1793985344376711,-0.04652498314049847,0.003603791828716523,-0.006226491384270623,0.0,0.0,0.0,0.0
2795,0.014043661314052179,-0.06792469572880996,-0.07147241433510815,-0.023221457658435037,-0.036711868088211336,0.0,0.0,0.0,0.0
2796,0.013917818223189505,-0.09047735158796369,0.13177394336038273,0.0028877186227792262,-0.0068992989203698766,0.0,0.0,0.0,0.0
2797,0.013766291257349541,-0.019455009113819133,-0.09675801321776645,-0.024545279088187336,-0.03724209894175426,0.0,0.0,0.0,0.0
2798,0.013589360043668019,0.0730403012224031,-0.05422915761638194,0.002166318000241563,-0.0075593779413270995,0.0,0.0,0.0,0.0
2799,0.013387351090157944,-0.06035462458641491,-0.008311663669796729,-0.025823783040468017,-0.037703655917552995,0.0,0.0,0.0,0.0
2800,0.013160637183172919,-0.03210564069829627,0.013650611323917655,0.0014409205432275288,-0.008205504238547436,0.0,0.0,0.0,0.0
2801,0.012909636699469125,0.01532389728532628,-0.18947593283651867,-0.027054627599060868,-0.038095566735687925,0.0,0.0,0.0,0.0
2802,0.012634812834135261,-0.036508949019633745,-0.13430781491751853,0.0007128643909616775,-0.008836487712724763,0.0,0.0,0.0,0.0
2803,0.01233667274581356,-0.056157582565023734,0.19166849379049133,-0.02823554857816171,-0.03841721168119201,0.0,0.0,0.0,0.0
2804,0.012015766620792947,-0.017373616069532454,0.030988508994718104,-1.6506617504292282e-05,-0.009451165023809278,0.0,0.0,0.0,0.0
2805,0.011672686657696867,0.012997018239698718,0.10720449307848372,-0.029364362187673708,-0.03866797369608575,0.0,0.0,0.0,0.0
2806,0.011308065974643145,-0.04498710547062867,0.0212250824668861,-0.0007458410608095057,-0.010048399246235308,0.0,0.0,0.0,0.0
2807,0.010922577440891229,-0.0674865252916411,-0.23772106970956794,-0.030438985181116058,-0.038847355322311615,0.0,0.0,0.0,0.0
2808,0.010516932435131781,-0.04362627238581229,0.08395747473245774,-0.001473799945796999,-0.010627080897945392,0.0,0.0,0.0,0.0
2809,0.010091879532712317,0.004001267236681462,-0.10278579314123809,-0.031457414846952914,-0.038955060465188665,0.0,0.0,0.0,0.0
2810,0.009648203124219587,-0.035456289305968516,0.06235663636129159,-0.00219904329671716,-0.011186149635114797,0.0,0.0,0.0,0.0
2811,0.009186721967969705,-0.07255793198305902,-0.21769207260309015,-0.03241782030471431,-0.03899087848728995,0.0,0.0,0.0,0.0
2812,0.00870828767907381,0.04601218758428885,0.06094625668298713,-0.0029202286101839303,-0.011724581355186557,0.0,0.0,0.0,0.0
2813,0.008213783157873774,0.008771122645772705,-0.0618910942341034,-0.03331841729984254,-0.038954721049383814,0.0,0.0,0.0,0.0
2814,0.007704120960640439,0.023284235292001413,0.07068206185761779,-0.003636024201082469,-0.01224138132679197,0.0,0.0,0.0,0.0
2815,0.007180241615547266,-0.00935209605027779,-0.17768090119585161,-0.03415751869074564,-0.03884668445613092,0.0,0.0,0.0,0.0
2816,0.006643111887024682,-0.06914607103110693,-0.027389079746835236,-0.004345105333570048,-0.012735590017560429,0.0,0.0,0.0,0.0
2817,0.006093722991696429,-0.09192188055207315,-0.17943118736178632,-0.0349335994491134,-0.03866696235973548,0.0,0.0,0.0,0.0
2818,0.005533088769194761,-0.022088531335248726,-0.026179436006276924,-0.0050461693908073705,-0.01320629642705028,0.0,0.0,0.0,0.0
2819,0.004962243811223457,-0.06728143327088251,-0.021139607717015577,-0.03564516921520307,-0.03841589096579654,0.0,0.0,0.0,0.0
2820,0.004382241552329847,0.024516884033294172,0.09493370977225218,-0.005737923123035762,-0.013652632136675311,0.0,0.0,0.0,0.0
2821,0.003794152325899702,0.07691498702132267,-0.08174835461297658,-0.03629098524709158,-0.03809393201937347,0.0,0.0,0.0,0.0
2822,0.003199061388970073,0.022859876732613364,0.04679740004713113,-0.0064190872256827515,-0.014073773175791312,0.0,0.0,0.0,0.0
2823,0.002598066919500777,0.03937513448808181,-0.15170738611661067,-0.036869820165579416,-0.037701674334387834,0.0,0.0,0.0,0.0
2824,0.001992277989802854,0.07273392696746958,0.0418005604007787,-0.007088407834849526,-0.01446894145170567,0.0,0.0,0.0,0.0
2825,0.0013828125198606521,0.04702344429781295,-0.01995232618685388,-0.03738065963535339,-0.03723983151430374,0.0,0.0,0.0,0.0
2826,0.000770795214328244,-0.105455299669253,0.10948865583135027,-0.007744648140737749,-0.014837405041146114,0.0,0.0,0.0,0.0
2827,0.00015735548700566778,-0.049848907770632715,-0.04775719219748581,-0.03782252120126244,-0.036709269124801616,0.0,0.0,0.0,0.0
2828,-0.00045637462337810955,0.035761151831018884,0.054219365345531734,-0.00838658989857487,-0.01517848410826872,0.0,0.0,0.0,0.0
2829,-0.0010692625422211936,0.0513249164624907,-0.08452546672412613,-0.03819455560966237,-0.036110960899759896,0.0,0.0,0.0,0.0
2830,-0.0016801772490987303,0.0200089833922835,0.27677031946476804,-0.009013058833285572,-0.015491552838336604,0.0,0.0,0.0,0.0
2831,-0.0022879913649417574,-0.07353912296484216,-0.011512124718986837,-0.03849612075636626,-0.03544601837688416,0.0,0.0,0.0,0.0
2832,-0.0028915832324965304,-0.09360759618015552,-0.13724890144791554,-0.009622894706123042,-0.015776033709685257,0.0,0.0,0.0,0.0
2833,-0.0034898389862266423,-0.09272757725716371,-0.02764285387048257,-0.03872658776844973,-0.034715666975862716,0.0,0.0,0.0,0.0
2834,-0.004081654607834337,0.027770232250852688,-0.07179716987690024,-0.010214973997042808,-0.01603140223490121,0.0,0.0,0.0,0.0
2835,-0.0046659379636109725,-0.042439119377779694,0.11937258906767892,-0.0388856426597952,-0.033921256534927856,0.0,0.0,0.0,0.0
2836,-0.005241610819854365,-0.036014753859718404,-0.06794037769874943,-0.010788202361221478,-0.016257186975130674,0.0,0.0,0.0,0.0
2837,-0.005807610832638198,-0.0033454399222650685,-0.1112333026574149,-0.038972935248580025,-0.03306424832688664,0.0,0.0,0.0,0.0
2838,-0.006362893508253743,0.052799696367551115,-0.1385906681517097,-0.011341524142700047,-0.016452971177049674,0.0,0.0,0.0,0.0
2839,-0.006906434130715617,-0.03914262814277121,0.29020569269222923,-0.03898833608671497,-0.032146219808425226,0.0,0.0,0.0,0.0
2840,-0.0074372296527669786,-0.09633011162597398,0.1866748311974808,-0.011873915922346224,-0.016618393309395192,0.0,0.0,0.0,0.0
2841,-0.007954300546897617,-0.0005538175685655469,-0.20924318850444623,-0.03893177322787337,-0.03116886524456515,0.0,0.0,0.0,0.0
2842,-0.008456692612960367,-0.03780591518339444,0.09622795353053372,-0.012384390791102835,-0.01675314859453386,0.0,0.0,0.0,0.0
2843,-0.008943478739046778,-0.01952773335260503,-0.04799223280147208,-0.03880335280720069,-0.03013398624012955,0.0,0.0,0.0,0.0
2844,-0.009413760612375319,-0.054692134823922905,0.061249270246881635,-0.012872011242991307,-0.016856989288303884,0.0,0.0,0.0,0.0
2845,-0.009866670377032701,-0.06784960834293446,0.04154747125562486,-0.03860332369706848,-0.029043477922123417,0.0,0.0,0.0,0.0
2846,-0.010301372235512697,-0.019872068893949983,-0.19377887475322317,-0.013335881455424308,-0.016929721703576067,0.0,0.0,0.0,0.0
2847,-0.01071706399109074,0.01284430524208223,-0.1511964446405587,-0.03833204284644197,-0.027899385412023355,0.0,0.0,0.0,0.0
2848,-0.011112978528195672,-0.003966490228408195,0.016026465242305426,-0.013775142818902563,-0.016971211291049833,0.0,0.0,0.0,0.0
2849,-0.011488385228039891,-0.05111087091984677,-0.006545576490104139,-0.037990046203854114,-0.02670380362326125,0.0,0.0,0.0,0.0
2850,-0.011842591316900677,-0.11165961947780273,0.12281784720195862,-0.014188985711519116,-0.016981382513196478,0.0,0.0,0.0,0.0
2851,-0.012174943144561084,0.03764070733031551,0.02470148895948402,-0.03757797098752475,-0.025458945576300566,0.0,0.0,0.0,0.0
2852,-0.012484827390552516,0.008571331083553749,-0.06031290765556464,-0.014576642404034487,-0.01696021754356075,0.0,0.0,0.0,0.0
2853,-0.012771672195974516,-0.18943082330507932,-0.08888380599103168,-0.037096513359562856,-0.02416711294274433,0.0,0.0,0.0,0.0
2854,-0.013034948218799027,0.02088301045690879,0.0038696003995679455,-0.014937399577305907,-0.016907754113266876,0.0,0.0,0.0,0.0
2855,-0.01327416961071671,-0.0737384564436526,-0.06945186219219392,-0.036546601730318345,-0.022830687269149056,0.0,0.0,0.0,0.0
2856,-0.013488894913718675,-0.07278144777959342,0.020479676524964907,-0.015270591814337679,-0.016824089511933683,0.0,0.0,0.0,0.0
2857,-0.013678727874760776,-0.04336411592219859,-0.07837730557812166,-0.03592925320635344,-0.021452133310808058,0.0,0.0,0.0,0.0
2858,-0.01384331817700752,-0.00243502187058889,0.09311581106112152,-0.0155756038424857,-0.01670937618914067,0.0,0.0,0.0,0.0
2859,-0.013982362086304777,-0.03555738433434892,-0.028143540358970452,-0.035245598083813216,-0.0200339901534986,0.0,0.0,0.0,0.0
2860,-0.014095603011689436,0.10415318827327445,-0.005133813212841717,-0.015851872778985216,-0.01656382540703042,0.0,0.0,0.0,0.0
2861,-0.014182831978900974,0.005054460720935364,0.11145350040910645,-0.03449690326523517,-0.01857887831447716,0.0,0.0,0.0,0.0
2862,-0.014243888016021902,-0.07264293941331762,-0.20233503865877947,-0.016098888702279046,-0.016387707889192988,0.0,0.0,0.0,0.0
2863,-0.014278658450534163,-0.04363475118663696,0.08904801444722964,-0.033684544001885273,-0.017089497590781443,0.0,0.0,0.0,0.0
2864,-0.01428707911724475,0.0008762946075347236,0.12468445696855679,-0.016316196143508606,-0.016181346730302998,0.0,0.0,0.0,0.0
2865,-0.0142691344766957,-0.11991664011249158,-0.20363824457539992,-0.03281002612582248,-0.01556858811839623,0.0,0.0,0.0,0.0
2866,-0.014224857643840605,-0.037643909897038516,0.03171184729789207,-0.01650339350045323,-0.015945128102361948,0.0,0.0,0.0,0.0
2867,-0.014154330326934392,-0.10020688454965865,-0.0161187103973331,-0.03187495503659183,-0.014018956623446068,0.0,0.0,0.0,0.0
2868,-0.014057682676749322,0.012391971908861026,-0.12125046765121965,-0.016660136205314802,-0.015679485322466314,0.0,0.0,0.0,0.0
2869,-0.013935093046395324,-0.05804253376577243,-0.13256200408661278,-0.030881071737025208,-0.012443450499260175,0.0,0.0,0.0,0.0
2870,-0.013786787662188256,0.037878120075534136,-0.14331391456239398,-0.01678613393241653,-0.015384907496601274,0.0,0.0,0.0,0.0
2871,-0.013613040206172431,-0.11455279074372143,0.0768059888911038,-0.029830189082658005,-0.010844969128700168,0.0,0.0,0.0,0.0
2872,-0.013414171311069777,0.02429273823218029,0.1307222732554091,-0.016881155640297366,-0.015061936735421734,0.0,0.0,0.0,0.0
2873,-0.013190547968585169,0.008009394799930167,-0.0023906866330450326,-0.028724274104541064,-0.009226448922592296,0.0,0.0,0.0,0.0
2874,-0.012942582852161898,0.061995671095036654,-0.11852877284756098,-0.016945024571783283,-0.014711168165509395,0.0,0.0,0.0,0.0
2875,-0.01267073355543634,0.009749372884045749,0.06236308782067932,-0.027565339606091668,-0.007590867231489003,0.0,0.0,0.0,0.0
2876,-0.012375501747796279,-0.07163841554531787,0.03340533356150669,-0.016977623689909477,-0.014333246960438126,0.0,0.0,0.0,0.0
2877,-0.012057432248603435,-0.058378680327850964,0.02836063691697386,-0.02635554498661047,-0.005941225984376685,0.0,0.0,0.0,0.0
2878,-0.011717112021785244,-0.05712532728296761,-0.08754095145509573,-0.016978893301755286,-0.013928869984769636,0.0,0.0,0.0,0.0
2879,-0.011355169092655885,-0.028409795344266957,0.18806055208007844,-0.02509711514000987,-0.004280570428406054,0.0,0.0,0.0,0.0
2880,-0.010972271388960217,-0.0472018593561463,-0.12146720439200469,-0.016948831059919123,-0.013498783959287103,0.0,0.0,0.0,0.0
2881,-0.010569125508283525,-0.056844357306782875,-0.01030448626457378,-0.023792376754951383,-0.002611992985716818,0.0,0.0,0.0,0.0
2882,-0.010146475414100154,0.0791688668489355,-0.15712094070142676,-0.016887491161339946,-0.013043785826502941,0.0,0.0,0.0,0.0
2883,-0.009705101062866081,-0.09251991771616312,0.05525204830162761,-0.022443722668471642,-0.0009386222620393157,0.0,0.0,0.0,0.0
2884,-0.00924581696469155,0.00011266038259679506,-0.0014596910999731816,-0.01679498527627925,-0.012564725013772815,0.0,0.0,0.0,0.0
2885,-0.008769470680247715,-0.04403687157056746,-0.022644661604006137,-0.021053621798074292,0.0007363132774721701,0.0,0.0,0.0,0.0
2886,-0.008276941256683072,0.004360747326719476,-0.08772045989694932,-0.01667148233344908,-0.012062475487015618,0.0,0.0,0.0,0.0
2887,-0.007769137605432263,0.010958990400650497,-0.07557085225932351,-0.019624630666874324,0.00240992719259294,0.0,0.0,0.0,0.0
2888,-0.007246996824917579,-0.011146402248767636,-0.04525179763909273,-0.016517210888451102,-0.011537965620944314,0.0,0.0,0.0,0.0
2889,-0.0067114824712302045,-0.0074212346772704035,0.003522787635786734,-0.01815941348506595,0.004079099212418193,0.0,0.0,0.0,0.0
2890,-0.00616358277998908,0.023854668978933992,0.08039199619223637,-0.01633245552173436,-0.010992162201045683,0.0,0.0,0.0,0.0
2891,-0.005604308842656197,-0.07877926439926243,0.04324856687014274,-0.016660693224007043,0.0057407621865997035,0.0,0.0,0.0,0.0
2892,-0.00503469274067217,-0.009340903386042956,-0.21486009793985678,-0.01611756048655219,-0.010426077581846696,0.0,0.0,0.0,0.0
2893,-0.004455785640858824,-0.07351049307708721,0.098956665854016,-0.015131249246971543,0.00739174607443621,0.0,0.0,0.0,0.0
2894,-0.0038686558556006085,-0.007884051032670621,-0.012981037177884184,-0.0158729255724031,-0.009840752192833438,0.0,0.0,0.0,0.0
2895,-0.0032743868713870266,0.026750738416294356,0.06723026982186056,-0.013573913390720928,0.009029135626843592,0.0,0.0,0.0,0.0
2896,-0.0026740753493497095,0.021013582461264037,-0.007952626771097043,-0.015599000436338793,-0.009237265125419954,0.0,0.0,0.0,0.0
2897,-0.002068829101491978,-0.0499919216299619,0.15550285494303281,-0.011991552131406801,0.01064988880819331,0.0,0.0,0.0,0.0
2898,-0.0014597650463357165,-0.0019580626164322247,0.03741146940873366,-0.015296290945496142,-0.008616731577754479,0.0,0.0,0.0,0.0
2899,-0.0008480071477660774,-0.03960056770703807,0.037142085412061154,-0.010387083859659908,0.012250986208034314,0.0,0.0,0.0,0.0
2900,-0.0002346843408745308,-0.06739223277049128,0.09199742927232374,-0.014965356273151221,-0.007980300633592292,0.0,0.0,0.0,0.0
2901,0.0003790715513737498,-0.07061361184444395,-0.042705982915339204,-0.008763470553055666,0.013829483848759186,0.0,0.0,0.0,0.0
2902,0.0009921279067997496,0.029188695148724145,0.04040668196854451,-0.014606807039683888,-0.007329147518867024,0.0,0.0,0.0,0.0
2903,0.0016033533941465512,0.007115427959373369,-0.009024604098117847,-0.007123704414199611,0.015382441025454904,0.0,0.0,0.0,0.0
2904,0.0022116200608316007,-0.049889612008311636,-0.030705361989896443,-0.014221305294122343,-0.006664459818793302,0.0,0.0,0.0,0.0
2905,0.002815805414467206,-0.05174024782630097,-0.05996441672499658,-0.005470808491131969,0.016907019013939217,0.0,0.0,0.0,0.0
2906,0.003414794494299988,0.01860324307842437,-0.2235848355688251,-0.013809560571919142,-0.005987473595074846,0.0,0.0,0.0,0.0
2907,0.004007481928755329,0.03991873134181097,0.0071266914270919045,-0.003807809954645635,0.018400391766345395,0.0,0.0,0.0,0.0
2908,0.004592773975285931,-0.12668014749318549,0.11554371932588964,-0.013372331834169386,-0.005299438290218634,0.0,0.0,0.0,0.0
2909,0.005169590538756525,0.08238746655642937,0.030215420762770215,-0.002137754321673119,0.019859804696612984,0.0,0.0,0.0,0.0
2910,0.0057368671646485835,-0.08054110375921664,0.1502344571155717,-0.012910423977787034,-0.0046016208941694675,0.0,0.0,0.0,0.0
2911,0.006293557003397679,0.020990664963767766,-0.012831486508733215,-0.000463709602225549,0.021282609455634306,0.0,0.0,0.0,0.0
2912,0.006838632742246884,-0.02162614100422504,-0.09583685634457494,-0.012424688561381327,-0.0038953186431998506,0.0,0.0,0.0,0.0
2913,0.0073710885010422195,0.030864158216803196,-0.07779783496003712,0.0012112373982873402,0.022666125980538347,0.0,0.0,0.0,0.0
2914,0.007889941688481082,-0.06782219190889699,-0.0445977307542599,-0.011916019885421238,-0.003181831366831883,0.0,0.0,0.0,0.0
2915,0.008394234815380777,0.0664095899695463,0.02447715030508354,0.0028840072900989883,0.024007781561731265,0.0,0.0,0.0,0.0
2916,0.008883037261623974,0.017001699313716805,-0.0022452941957973203,-0.011385354589006845,-0.0024624663492042106,0.0,0.0,0.0,0.0
2917,0.00935544699352161,-0.0224672146592529,-0.005396161425868677,0.0045515269789310215,0.025305108792128637,0.0,0.0,0.0,0.0
2918,0.009810592228420862,-0.022860197450155155,0.028470448241736907,-0.010833672071277363,-0.0017385548413154184,0.0,0.0,0.0,0.0
2919,0.010247633043488984,0.028643968497206213,0.1358189566158883,0.006210701832169331,0.02655576331458818,0.0,0.0,0.0,0.0
2920,0.01066576292570216,-0.022760096161564866,0.042608975288907835,-0.010261992511826887,-0.001011435634973739,0.0,0.0,0.0,0.0
2921,0.011064210260182315,0.04324070386442225,0.07003031324506337,0.007858416166741657,0.027757403602422202,0.0,0.0,0.0,0.0
2922,0.011442239754129576,-0.027729431088146416,-0.034774838159542465,-0.009671376173090482,-0.0002824487148368626,0.0,0.0,0.0,0.0
2923,0.011799153793729575,0.05489046084062151,-0.060915293230324505,0.00949156028147735,0.028907850533778656,0.0,0.0,0.0,0.0
2924,0.012134293731526061,-0.004624605653100562,-0.0381206505587383,-0.009062917392823066,0.00044705893346442215,0.0,0.0,0.0,0.0
2925,0.012447041101885463,0.0016738657521488572,-0.08743440303391628,0.011107068129604849,0.030004937627564225,0.0,0.0,0.0,0.0
2926,0.012736818762311062,-0.0005799433930052059,0.021535006692378,-0.008437737269145453,0.0011757401619944684,0.0,0.0,0.0,0.0
2927,0.01300309195849854,0.06069837877383924,0.15294723919877487,0.012702030971757485,0.0310466306566252,0.0,0.0,0.0,0.0
2928,0.013245369311169193,0.001781206680864184,-0.0077981511746977325,-0.007796987680738617,0.001902253017188097,0.0,0.0,0.0,0.0
2929,0.013463203722858521,-0.10228375087141006,0.06379307819823588,0.014273545095749926,0.03203105988232486,0.0,0.0,0.0,0.0
2930,0.013656193202988555,-0.03755204389694085,-0.04829326960962384,-0.0071418522473122486,0.0026252566400790664,0.0,0.0,0.0,0.0
2931,0.013823981609698393,0.05557976839248417,0.04176941158967275,0.01581866922549943,0.032956392029549246,0.0,0.0,0.0,0.0
2932,0.013966259307067184,0.013292571657490222,0.061492081481820074,-0.006473537506655015,0.0033434154281334564,0.0,0.0,0.0,0.0
2933,0.014082763736514979,0.01614788367193243,0.013376634996643183,0.01733464854731732,0.03382089990172388,0.0,0.0,0.0,0.0
2934,0.014173279901326486,-0.005038539198781649,0.15207522414291677,-0.005793276205114632,0.004055399132906938,0.0,0.0,0.0,0.0
2935,0.014237640763405465,-0.0363425344489932,-0.12286614628675438,0.018818656512892346,0.034622986365081994,0.0,0.0,0.0,0.0
2936,0.014275727551525808,-0.07444869394413192,0.11090512503837359,-0.005102323784497799,0.004759900014720393,0.0,0.0,0.0,0.0
2937,0.014287469980511443,-0.007918175278507345,-0.036754836580780374,0.020267925325858582,0.0353611620545699,0.0,0.0,0.0,0.0
2938,0.014272846380940256,-0.07138949712485927,0.016893145957134984,-0.0044019572505862815,0.005455621646997917,0.0,0.0,0.0,0.0
2939,0.014231883739132721,-0.07454973447098127,0.039360211614025385,0.02167979974448749,0.03603410379771725,0.0,0.0,0.0,0.0
2940,0.014164657647351505,-0.012855686120079274,0.12752587844230603,-0.0036934710285399888,0.006141274635343604,0.0,0.0,0.0,0.0
2941,0.0140712921643039,0.011895229181253325,0.06338077984509265,0.023051676894300092,0.036640540874537594,0.0,0.0,0.0,0.0
2942,0.013951959586204368,-0.041440783305463184,-0.12228427451398931,-0.0029781736633706416,0.00681559688837945,0.0,0.0,0.0,0.0
2943,0.013806880128820035,-0.07524916693825971,0.031228114300029197,0.02438100634934949,0.03717939769242046,0.0,0.0,0.0,0.0
2944,0.013636321521085463,-0.06583109634759844,-0.12537823430200043,-0.0022573796223166647,0.0074773406897195105,0.0,0.0,0.0,0.0
2945,0.01344059851103728,0.154787690970046,0.040882007102934666,0.0256653540787975,0.03764961945129298,0.0,0.0,0.0,0.0
2946,0.013220072284978976,0.037674172002620694,0.09815178422252185,-0.001532415820892435,0.008125283213991367,0.0,0.0,0.0,0.0
2947,0.012975149800950334,0.004004713028999584,0.01661194801983437,0.026902295492776066,0.03805039002756781,0.0,0.0,0.0,0.0
2948,0.012706283037728274,0.050806993454228025,0.12343913572639498,-0.000804622663570769,0.008758233235012167,0.0,0.0,0.0,0.0
2949,0.012413968160747642,0.13023155690910376,0.11866510009662423,0.028089618683026056,0.03838090929505981,0.0,0.0,0.0,0.0
2950,0.012098744606480204,-0.05141606888210884,-0.03861300083866585,-7.534652811157843e-05,0.009375023947459113,0.0,0.0,0.0,0.0
2951,0.01176119408696061,0.025115853619460466,-0.01657700667188656,0.029225082009994432,0.038640622505381333,0.0,0.0,0.0,0.0
2952,0.01140193951629815,-0.0692114314206749,0.09425910707896998,0.0006540705699720625,0.009974513447311662,0.0,0.0,0.0,0.0
2953,0.011021643861153849,0.1641830267793318,-0.06853167572275753,0.030306660304858124,0.03882901586631689,0.0,0.0,0.0,0.0
2954,0.010621008917305599,-0.022604978391864518,-0.030756576397290156,0.0013822810028511115,0.010555593682483346,0.0,0.0,0.0,0.0
2955,0.010200774014556173,0.11162868030130679,0.02982151313011943,0.03133231903709572,0.038945698645847,0.0,0.0,0.0,0.0
2956,0.009761714652379107,0.03862965203637597,0.06597410916051746,0.002107939563884205,0.011117196435174191,0.0,0.0,0.0,0.0
2957,0.009304641068815692,0.04142601725674321,0.10228718118186492,0.03230013913068991,0.038990566048670385,0.0,0.0,0.0,0.0
2958,0.008830396745262986,0.010630430221479305,0.050185196321723205,0.002829703440827923,0.011658282740233323,0.0,0.0,0.0,0.0
2959,0.008339856849921373,0.0408260475655214,0.055928168165434236,0.033208367099941745,0.03896346726036247,0.0,0.0,0.0,0.0
2960,0.007833926622760008,0.01529101709736315,-0.15525561977087854,0.0035462470078711054,0.012177854821804886,0.0,0.0,0.0,0.0
2961,0.007313539704992853,-0.01878209158628355,-0.030886865678055236,0.03405526646671476,0.038864464875030105,0.0,0.0,0.0,0.0
2962,0.006779656416141363,0.07574544681373935,0.1799657166133474,0.0042562482657163255,0.012674953981610792,0.0,0.0,0.0,0.0
2963,0.006233261981865437,0.03776923823061,-0.06012057985788389,0.03483934695128535,0.03869374344973924,0.0,0.0,0.0,0.0
2964,0.005675364715832722,0.05238685409404369,-0.003506034863309679,0.004958394105055769,0.013148663005287362,0.0,0.0,0.0,0.0
2965,0.005106994158981019,0.07277242847272511,0.016957384318805738,0.03555912328308317,0.038451619580208554,0.0,0.0,0.0,0.0
2966,0.004529199179610278,0.017034767509443598,-0.21223524970367097,0.0056513901126293165,0.013598107847406542,0.0,0.0,0.0,0.0
2967,0.003943046037801891,0.027698103707781002,0.09263965715003591,0.03621329845532242,0.03813854130759376,0.0,0.0,0.0,0.0
2968,0.0033496164177527887,0.05493535488109091,-0.12161565068741752,0.006333956898092743,0.014022459236989623,0.0,0.0,0.0,0.0
2969,0.0027500054316364026,0.007792217229131645,-0.015838485293179376,0.036800641047463487,0.037755087282810115,0.0,0.0,0.0,0.0
2970,0.002145319598689833,-0.07193661066022133,-0.04517962733307279,0.007004835827704603,0.014420934200683612,0.0,0.0,0.0,0.0
2971,0.0015366748032481735,0.08070958658268311,-0.020462507946005515,0.037320091460776424,0.03730196569055734,0.0,0.0,0.0,0.0
2972,0.000925194235496913,-0.029516139538765588,0.17160073836299033,0.007662788651301228,0.014792797500812485,0.0,0.0,0.0,0.0
2973,0.00031200631874215553,-0.04062657655404972,0.15859552104694064,0.03777067425678947,0.03678001293512229,0.0,0.0,0.0,0.0
2974,-0.00030175737297674095,-0.11011590611219951,-0.0793098223375299,0.008306599334464143,0.015137362984202065,0.0,0.0,0.0,0.0
2975,-0.0009149642030868439,0.006304257996237142,0.08142469792460216,0.03815153595236505,0.03619019206551282,0.0,0.0,0.0,0.0
2976,-0.00152648256264618,-0.0015089844286766546,-0.01299208665526837,0.008935074415618544,0.015453994461252337,0.0,0.0,0.0,0.0
2977,-0.0021351839586078243,-0.09837058567481591,-0.05587177897987465,0.038462018251622876,0.0355335844720087,0.0,0.0,0.0,0.0
2978,-0.002739945096335959,0.03338820892890901,0.03342963194103518,0.00954706886647875,0.01574210701528955,0.0,0.0,0.0,0.0
2979,-0.0033396499525284087,-0.0019267554995449007,0.03805654277241012,0.03870151404579193,0.03481139431607378,0.0,0.0,0.0,0.0
2980,-0.003933191834720684,0.02567152056386729,0.039406223233760876,0.010141441315991697,0.016001168955164874,0.0,0.0,0.0,0.0
2981,-0.00451947542357095,0.10682512979677557,-0.038949796865591815,0.038869588499148594,0.03402495686744508,0.0,0.0,0.0,0.0
2982,-0.005097418794157082,0.13023213948795184,0.01684840399578267,0.010717097293466076,0.01623070238156108,0.0,0.0,0.0,0.0
2983,-0.0056659554125561016,0.022393690503854636,-0.012733657310600999,0.038965950519494544,0.0331757276530673,0.0,0.0,0.0,0.0
2984,-0.006224036104018891,0.022153814212346107,-0.03770093782676002,0.011272974274961585,0.0164302838276534,0.0,0.0,0.0,0.0
2985,-0.006770630989116337,0.13520104075795886,-0.006545972492118732,0.03899037849699359,0.03226527426886094,0.0,0.0,0.0,0.0
2986,-0.007304731384268715,-0.00845796628876593,0.0621672549448885,0.011808047076017425,0.01659954526091017,0.0,0.0,0.0,0.0
2987,-0.007825351663169562,0.14036255942233786,-0.16975525636326286,0.03894286812102122,0.0312952808714749,0.0,0.0,0.0,0.0
2988,-0.00833153107565391,0.043899681159947176,-0.04318081037599428,0.012321328166818291,0.01673817350088726,0.0,0.0,0.0,0.0
2989,-0.008822335520662394,0.07939922159084237,-0.11573429639354554,0.03882352415681308,0.03026752878624598,0.0,0.0,0.0,0.0
2990,-0.009296859270026867,-0.007878147602082929,0.16730951693707238,0.01281187499607271,0.016845915139845204,0.0,0.0,0.0,0.0
2991,-0.009754226639896814,0.01410826304581201,-0.008897312226683027,0.038632519769045796,0.029183915778223903,0.0,0.0,0.0,0.0
2992,-0.010193593606722418,0.030754839753241107,-0.07227822599104096,0.013278784300511418,0.01692257128296885,0.0,0.0,0.0,0.0
2993,-0.010614149364810142,-0.05871580984422051,-0.029061734518179824,0.03837020588006859,0.02804645196125881,0.0,0.0,0.0,0.0
2994,-0.011015117822582767,-0.0012900179905522714,0.06255911417456739,0.01372119216905991,0.016968000488311104,0.0,0.0,0.0,0.0
2995,-0.011395759034771186,0.053803188599873944,-0.05801653398299314,0.038037051405709864,0.02685724314649071,0.0,0.0,0.0,0.0
2996,-0.01175537056790885,-0.03412510540063858,-0.006532392740501283,0.014138279925190383,0.016982117133046787,0.0,0.0,0.0,0.0
2997,-0.01209328879659777,0.1259513258362818,-0.006323011032633656,0.037633746804752254,0.025618479063427776,0.0,0.0,0.0,0.0
2998,-0.012408890128159912,-0.013113435783648335,-0.11381224540076187,0.01452927752696906,0.016964894440677836,0.0,0.0,0.0,0.0
2999,-0.012701592153412133,-0.052040815065716596,-0.33252685399513093,0.03716099614388862,0.024332437991769106,0.0,0.0,0.0,0.0
3000,-0.012970854721441294,0.00018797324706079123,-0.09867658091535816,0.014893462477055754,0.0169163634503167,0.0,0.0,0.0,0.0
3001,-0.013216180936396312,-0.051989424364149224,-0.09768563894914982,0.03661965991648208,0.023001494395182412,0.0,0.0,0.0,0.0
3002,-0.013437118074456621,-0.02486425484869429,0.06660718838365844,0.01523016323769074,0.016836608918118064,0.0,0.0,0.0,0.0
3003,-0.013633258419288188,0.031192697026882488,0.013220248974598267,0.03601074828802333,0.02162809617553605,0.0,0.0,0.0,0.0
3004,-0.013804240014439247,0.027435951642796524,0.1487441302807579,0.015538758100892816,0.016725787126257045,0.0,0.0,0.0,0.0
3005,-0.013949747331294544,0.05845885175724974,0.10515035347904209,0.03533537933178324,0.020214793796791773,0.0,0.0,0.0,0.0
3006,-0.01406951185134963,0.015801527482515804,0.03991674106786264,0.015818676959812497,0.016584100222913775,0.0,0.0,0.0,0.0
3007,-0.01416331256173378,0.07465347210186907,0.11232856186352666,0.0345948043572711,0.018764185034134642,0.0,0.0,0.0,0.0
3008,-0.014230976363066064,0.09107194264744839,-0.07584903596771178,0.016069404286294643,0.016411807990763284,0.0,0.0,0.0,0.0
3009,-0.014272378388892127,0.011152941891886849,0.12584097510493902,0.033790406743963226,0.01727892196893195,0.0,0.0,0.0,0.0
3010,-0.014287442236112141,0.08021166496237252,0.052144206385758805,0.01629047408238041,0.016209227738215898,0.0,0.0,0.0,0.0
3011,-0.014276140105974711,0.010331887826526727,-0.17032186662663792,0.03292365686907691,0.01576174612076678,0.0,0.0,0.0,0.0
3012,-0.014238492855376542,0.028626134494184722,0.09024024289864303,0.016481483327486605,0.01597674000552093,0.0,0.0,0.0,0.0
3013,-0.014174569958373318,0.01011092298944102,-0.031684904256779764,0.031996144748928416,0.014215574384892111,0.0,0.0,0.0,0.0
3014,-0.01408448937797248,0.14853519184230057,-0.03872979979599692,0.016642078868117544,0.015714771527052328,0.0,0.0,0.0,0.0
3015,-0.01396841734844493,-0.058270816807141815,-0.09638497770545286,0.031009586034881857,0.012643193010163445,0.0,0.0,0.0,0.0
3016,-0.01382656806855709,0.02334884212371387,-0.03318136034560318,0.016771964080699534,0.015423803652102037,0.0,0.0,0.0,0.0
3017,-0.013659203306289423,-0.01524082226854874,0.059181915406076833,0.029965799823676288,0.011047462392912426,0.0,0.0,0.0,0.0
3018,-0.01346663191577162,-0.04640518338620504,0.10344526244093905,0.016870899681612508,0.015104373372387108,0.0,0.0,0.0,0.0
3019,-0.013249209267323364,-0.005984454960048777,-0.04311787162095285,0.02886670845762343,0.009431338380868091,0.0,0.0,0.0,0.0
3020,-0.013007336591657405,0.03371989448413551,-0.03527379906090769,0.01693870340093855,0.014757069415449086,0.0,0.0,0.0,0.0
3021,-0.012741460239448879,0.08173482196748075,-0.02343903981607234,0.027714327189024227,0.007797793451306417,0.0,0.0,0.0,0.0
3022,-0.012452070857642586,-0.039006720086122604,0.10950304774233244,0.01697524872880534,0.014382531897799339,0.0,0.0,0.0,0.0
3023,-0.012139702484015349,-0.02797021722054937,0.0685350732658176,0.026510811804957353,0.006149834673076705,0.0,0.0,0.0,0.0
3024,-0.011804931561665248,0.011691484101088365,0.18479632517843086,0.016980467970519667,0.01398145074519493,0.0,0.0,0.0,0.0
3025,-0.011448375875246298,0.037887220318332276,-0.0929158640729527,0.025258370837015827,0.004490494339631185,0.0,0.0,0.0,0.0
3026,-0.011070693410911357,-0.0019674548012982886,-0.16760160750412822,0.01695435182371477,0.013554565135173465,0.0,0.0,0.0,0.0
3027,-0.01067258114206892,-0.015261739240369547,-0.07687490262383734,0.023959324003349672,0.002822827434206865,0.0,0.0,0.0,0.0
3028,-0.01025477374318888,-0.04514803859641596,-0.0681560892540838,0.016896951801392713,0.013102661754805567,0.0,0.0,0.0,0.0
3029,-0.009818042234041478,-0.0071358117306544,-0.05752744388463302,0.02261607977511088,0.001149903960850769,0.0,0.0,0.0,0.0
3030,-0.009363192556858174,-0.021742678902843728,0.01469323893368386,0.01680837190735243,0.012626572657525616,0.0,0.0,0.0,0.0
3031,-0.008891064089051066,-0.0037032411643714014,-0.13341490274203407,0.021231105027055174,-0.0005252000452348237,0.0,0.0,0.0,0.0
3032,-0.008402528094229571,-0.004825130999390272,-0.04351263195382625,0.01668877276223051,0.01212717582347524,0.0,0.0,0.0,0.0
3033,-0.007898486114374749,0.02522934081164138,-0.04277937337840241,0.019806914862496545,-0.0021993839525964705,0.0,0.0,0.0,0.0
3034,-0.00737986830613804,-0.00380280562741599,0.07561067986090081,0.016538369832600416,0.011605395483626565,0.0,0.0,0.0,0.0
3035,-0.006847631724334302,0.027995386807428545,0.03241200211594082,0.018346126923789625,-0.003869506103337562,0.0,0.0,0.0,0.0
3036,-0.006302758555799219,-0.05465065702115356,-0.1376556202220563,0.01635744491347712,0.011062197627466543,0.0,0.0,0.0,0.0
3037,-0.005746254306862494,0.05142232006146742,-0.2155118639452968,0.016851465603522468,-0.005532432326812341,0.0,0.0,0.0,0.0
3038,-0.005179145947796337,-0.1029074015883817,0.013175691296185295,0.016146333316984698,0.01049858686432487,0.0,0.0,0.0,0.0
3039,-0.00460248001764546,0.05727350318280852,0.06645382478808662,0.015325684270373586,-0.007185079524040424,0.0,0.0,0.0,0.0
3040,-0.004017320692950764,0.0340248822947672,-0.21841394732309002,0.015905417005667007,0.009915605887862021,0.0,0.0,0.0,0.0
3041,-0.0034247478239226967,-0.034020866197935734,-0.01763200021606085,0.013771597363856511,-0.008824389751183097,0.0,0.0,0.0,0.0
3042,-0.002825854941690847,-0.056945893135214795,0.12244522891474242,0.01563514859439641,0.009314331046953525,0.0,0.0,0.0,0.0
3043,-0.0022217472403068535,-0.00018912172429193588,0.18087789459850823,0.012192145758590293,-0.010447353405652029,0.0,0.0,0.0,0.0
3044,-0.0016135395372241935,0.04528829671845036,0.04906770556408935,0.015336036082470871,0.008695871745058367,0.0,0.0,0.0,0.0
3045,-0.0010023542160214238,0.06355534398851229,-0.026904508512210816,0.010590341675362153,-0.012051009059064794,0.0,0.0,0.0,0.0
3046,-0.0003893191551564688,-0.005887632058046313,-0.02229319866116112,0.015008625044445485,0.008061369697657325,0.0,0.0,0.0,0.0
3047,0.00022443435340921896,0.05639161322185605,-0.022490149692322124,0.008968994484367896,-0.01363239477315668,0.0,0.0,0.0,0.0
3048,0.0008377736918958661,0.04113597047024592,-0.1499835888915143,0.014653519188216212,0.007411995709795014,0.0,0.0,0.0,0.0
3049,0.001449567006830771,0.08046468109860949,-0.0776803857985232,0.007331099082172573,-0.015188589609184027,0.0,0.0,0.0,0.0
3050,0.0020586852977656773,-0.07561836980683806,0.01473215642037137,0.014271374015100584,0.006748947854441144,0.0,0.0,0.0,0.0
3051,0.0026640045007291836,-0.0627709672453983,-0.10042194617697378,0.005679684146795335,-0.016716735387181582,0.0,0.0,0.0,0.0
3052,0.003264407562567009,0.038364107078593536,0.033171757716318966,0.013862894881015784,0.006073449569122646,0.0,0.0,0.0,0.0
3053,0.0038587865023509047,-0.05535243792526733,0.007903547655176039,0.004017794603654016,-0.018214023040844993,0.0,0.0,0.0,0.0
3054,0.004446044456035786,-0.01946148436503252,-0.189103504369742,0.01342883557610342,0.00538674691049273,0.0,0.0,0.0,0.0
3055,0.005025097700611731,-0.0034945987141397064,-0.09442458460420587,0.002348496718974449,-0.019677698996669966,0.0,0.0,0.0,0.0
3056,0.005594877653999253,-0.010456574972750689,0.15879945996640674,0.012969996999077311,0.004690106683670071,0.0,0.0,0.0,0.0
3057,0.006154332847005931,0.16006382311981537,-0.06190825548131428,0.0006748697991118728,-0.02110507211125772,0.0,0.0,0.0,0.0
3058,0.0067024308637026195,-0.0076074921236365806,-0.011313382056140412,0.012487226340055647,0.003984813454379769,0.0,0.0,0.0,0.0
3059,0.007238160246638848,-0.02812206870596673,0.08020137496035365,-0.0009999958861003338,-0.02249351752318762,0.0,0.0,0.0,0.0
3060,0.00776053236338189,-0.017605344288782646,0.03521989721960956,0.011981414574643,0.0032721675141240015,0.0,0.0,0.0,0.0
3061,0.008268583230932604,-0.07131002740232668,0.07051430767886208,-0.002673010487194524,-0.023840480970997238,0.0,0.0,0.0,0.0
3062,0.008761375294658768,0.03054679329604683,0.12340921496923762,0.01145349455140946,0.0025534839982677107,0.0,0.0,0.0,0.0
3063,0.009237999158449193,-0.04333287187742027,-0.15084230932598436,-0.004341089573705065,-0.02514346855738778,0.0,0.0,0.0,0.0
3064,0.009697575262912615,0.022749629909252406,-0.00502684090737932,0.010904440593160076,0.0018300899627901755,0.0,0.0,0.0,0.0
3065,0.010139255508510706,0.03652753034317655,0.1413008613181973,-0.006001155143810692,-0.026400056605811968,0.0,0.0,0.0,0.0
3066,0.010562224820637234,-0.01841486840542513,0.11476717351440424,0.010335265945034266,0.0011033164184674315,0.0,0.0,0.0,0.0
3067,0.010965702653752825,0.05265934658572846,-0.21429562415007003,-0.007650144499351788,-0.027607990020582965,0.0,0.0,0.0,0.0
3068,0.011348944431799965,0.050940114328545394,0.09572091998554955,0.009747020800634837,0.0003745042472116779,0.0,0.0,0.0,0.0
3069,0.01171124292224031,-0.011014616395044741,-0.058039929740150986,-0.009285015534393381,-0.028765006999437338,0.0,0.0,0.0,0.0
3070,0.012051929541177061,0.010464036743765715,0.1274031737489343,0.009140790643982152,-0.00035500549320943616,0.0,0.0,0.0,0.0
3071,0.012370375587158996,-0.08289267675693851,-0.2930323420537562,-0.010902752301475045,-0.029869029178421935,0.0,0.0,0.0,0.0
3072,0.012665993401379978,-0.0458719035370909,0.17851298325528578,0.008517694014704362,-0.0010838597909114964,0.0,0.0,0.0,0.0
3073,0.012938237452144114,0.011917583991492781,0.08466656258602046,-0.012500370505190267,-0.030917893856145705,0.0,0.0,0.0,0.0
3074,0.01318660534158623,-0.047308174776661015,-0.005247344594541079,0.00787888068922322,-0.0018107133199234196,0.0,0.0,0.0,0.0
3075,0.013410638732794715,-0.08601795404826772,0.05996937758025036,-0.014074923116791064,-0.03190967354476904,0.0,0.0,0.0,0.0
3076,0.013609924195624375,0.005950939904882874,-0.010624257771117994,0.007225529298821992,-0.0025342291439050184,0.0,0.0,0.0,0.0
3077,0.013784093969637817,0.09431503323024372,-0.14901863066771515,-0.015623505543132559,-0.03284261162585167,0.0,0.0,0.0,0.0
3078,0.013932826642770133,0.10373415889721495,0.026264575998042012,0.006558845353168964,-0.003253069289835893,0.0,0.0,0.0,0.0
3079,0.01405584774445956,0.0005640304090452665,0.062456674806066585,-0.017143260859155664,-0.03371493009307145,0.0,0.0,0.0,0.0
3080,0.01415293025215535,0.034639979945344054,-0.09223755914734612,0.005880058877292001,-0.003965903874678002,0.0,0.0,0.0,0.0
3081,0.01422389501026356,-0.01061700617439503,-0.06029262403263058,-0.018631381299263162,-0.034524976257152264,0.0,0.0,0.0,0.0
3082,0.014268611060760036,0.011793156972550964,0.09751549506048664,0.005190422595749938,-0.004671420449891629,0.0,0.0,0.0,0.0
3083,0.014286995884859726,-0.04345190203828042,-0.021997548037640705,-0.020085117122280553,-0.035271320811797964,0.0,0.0,0.0,0.0
3084,0.014279015555296431,-0.04070259757878469,0.006016837791926725,0.004491209835516629,-0.00536831797079907,0.0,0.0,0.0,0.0
3085,0.014244684798932015,-0.09796172925220223,0.08210885985705915,-0.021501781760801475,-0.035952591812100136,0.0,0.0,0.0,0.0
3086,0.014184066969579662,-0.03905680408914177,0.0581122376905813,0.00378371202580756,-0.006055307624871608,0.0,0.0,0.0,0.0
3087,0.014097273931090677,0.042940952258280485,0.02074929157816898,-0.02287875707350874,-0.03656746557162117,0.0,0.0,0.0,0.0
3088,0.01398446585092204,-0.04275452536770655,-0.05919598145753208,0.003069233610723595,-0.006731123329164401,0.0,0.0,0.0,0.0
3089,0.01384585090456364,0.002803828701063167,-0.17755388422347074,-0.02421350355933059,-0.037114894737959724,0.0,0.0,0.0,0.0
3090,0.01368168489137247,-0.02585693759251716,-0.0634510364985549,0.002349092730360326,-0.007394518378394818,0.0,0.0,0.0,0.0
3091,0.013492270762521675,-0.1150945957023607,0.030739070429706195,-0.025503560957716193,-0.03759383671983077,0.0,0.0,0.0,0.0
3092,0.013277958061935909,-0.058040139457815755,0.01244462225779769,0.0016246186597199323,-0.008044266388588942,0.0,0.0,0.0,0.0
3093,0.013039142281244651,-0.13570740270714937,-0.12753250865402863,-0.0267465542524451,-0.03800338064346636,0.0,0.0,0.0,0.0
3094,0.01277626412994367,0.024136038095983726,-0.07014759540876885,0.0008971489002966996,-0.00867916179109261,0.0,0.0,0.0,0.0
3095,0.012489808722112741,0.016038889678999073,-0.1309471505301433,-0.027940198254077356,-0.03834280411077715,0.0,0.0,0.0,0.0
3096,0.01218030468118643,0.003500945577635135,0.10434161707857625,0.00016802497434985505,-0.009298049182076384,0.0,0.0,0.0,0.0
3097,0.011848323164437584,-0.030846635724105554,-0.28549082089679795,-0.029082291846296748,-0.03861146432919744,0.0,0.0,0.0,0.0
3098,0.011494476808964309,0.0064986667441551075,-0.11383210850528386,-0.0005614084524119224,-0.00989977589419392,0.0,0.0,0.0,0.0
3099,0.011119418601133387,-0.04653950016437709,-0.10641168375707932,-0.030170731780881185,-0.038808899077917756,0.0,0.0,0.0,0.0
3100,0.010723840671562184,0.005714628268230019,-0.03661588179018311,-0.0012898062276062707,-0.010483233898241675,0.0,0.0,0.0,0.0
3101,0.010308473017864113,-0.10454812035262681,0.02600275575730078,-0.03120351609863659,-0.03893465758363833,0.0,0.0,0.0,0.0
3102,0.009874082157514551,-0.015284840871626817,-0.003327144502815618,-0.0020158254132981524,-0.011047349106579507,0.0,0.0,0.0,0.0
3103,0.00942146971332286,-0.07263393254908265,-0.20032241543034676,-0.03217874845107474,-0.038988599296526504,0.0,0.0,0.0,0.0
3104,0.008951470934123025,-0.0057404426792858395,0.08914611406163908,-0.0027381277562196966,-0.011591076900830381,0.0,0.0,0.0,0.0
3105,0.008464953153406079,-0.0708361877216652,-0.10136766270279454,-0.03309464191556311,-0.038970583463526866,0.0,0.0,0.0,0.0
3106,0.007962814188751407,0.01725012281969927,0.02485736450499355,-0.0034553821684291447,-0.012113416909807256,0.0,0.0,0.0,0.0
3107,0.0074459806849950134,0.031091435314251896,-0.09565780631462778,-0.03394952301077581,-0.038880684904652914,0.0,0.0,0.0,0.0
3108,0.006915406404205183,-0.07998865035308553,-0.01064602650785324,-0.004166266622442336,-0.012613403521605625,0.0,0.0,0.0,0.0
3109,0.006372070465614216,-0.03723231040789993,-0.19383639202390476,-0.03474182210050526,-0.038719036405512754,0.0,0.0,0.0,0.0
3110,0.005816975538756121,-0.030437273960059456,-0.16584650541445908,-0.004869470758457289,-0.01309011367500926,0.0,0.0,0.0,0.0
3111,0.005251145993146925,-0.04223060063191234,-0.17099225399059678,-0.03547008033504839,-0.03848593056002091,0.0,0.0,0.0,0.0
3112,0.00467562600791399,0.025667489789825068,-0.04015412972910602,-0.005563698570435588,-0.013542667268596308,0.0,0.0,0.0,0.0
3113,0.004091477644878096,0.0032077551551653594,-0.07111068285448706,-0.036132958469130984,-0.03818179415848138,0.0,0.0,0.0,0.0
3114,0.0034997788886255154,-0.023989061879345346,-0.14380572502422218,-0.006247650063596328,-0.013970229065500397,0.0,0.0,0.0,0.0
3115,0.002901621657202319,-0.0612695942904502,-0.24431043770978372,-0.03672891454687653,-0.03780718978469119,0.0,0.0,0.0,0.0
3116,0.0022981097870936693,0.059219639431726444,0.11775798916011398,-0.006920066149631496,-0.014372009973344972,0.0,0.0,0.0,0.0
3117,0.001690356996209272,-0.09060065840268397,0.02092394955011427,-0.03725705770997287,-0.03736280995709385,0.0,0.0,0.0,0.0
3118,0.0010794848286336852,0.028978126554306215,0.2003909372188749,-0.007579714628292942,-0.014747268497456998,0.0,0.0,0.0,0.0
3119,0.0004666205849338416,0.007375364259929719,0.04014346340301651,-0.03771642612289094,-0.03684947585117042,0.0,0.0,0.0,0.0
3120,-0.0001471047581539805,0.08540315990227196,-0.3082559710518233,-0.008225377437248379,-0.015095309886599639,0.0,0.0,0.0,0.0
3121,-0.0007605586348276627,-0.029755079806098685,0.043467253761620264,-0.03810619799808929,-0.036268130912288046,0.0,0.0,0.0,0.0
3122,-0.0013726089802450654,-0.03733194055989729,-0.05950738758143348,-0.008855853378455764,-0.01541549465081811,0.0,0.0,0.0,0.0
3123,-0.001982126319635519,-0.09737512665313927,0.13405437819811555,-0.03842565179642665,-0.03561988792839415,0.0,0.0,0.0,0.0
3124,-0.002587985852625117,-0.031480090372486245,-0.01738223520809167,-0.009469993408967292,-0.015707227841594475,0.0,0.0,0.0,0.0
3125,-0.0031890695289383377,-0.046994263731638994,-0.0799695527226707,-0.038674167806988985,-0.034905899015437204,0.0,0.0,0.0,0.0
3126,-0.0037842681116426573,-0.104640844971007,0.05406780544723101,-0.010066656959837088,-0.015969976086143815,0.0,0.0,0.0,0.0
3127,-0.0043724832241290625,-0.04748182191589551,-0.0790066489256264,-0.03885131321383193,-0.03412748981240738,0.0,0.0,0.0,0.0
3128,-0.004952629377051358,-0.014838814977860427,-0.001728580914436742,-0.010644742592936487,-0.016203257315797543,0.0,0.0,0.0,0.0
3129,-0.005523635971481096,-0.09554667293080914,0.014681543204245445,-0.0389567561236206,-0.03328607339916956,0.0,0.0,0.0,0.0
3130,-0.0060844492745898695,-0.13044088972542062,0.23125242145603248,-0.011203181242305788,-0.01640663862576536,0.0,0.0,0.0,0.0
3131,-0.006634034364197543,-0.10600014470360941,0.03990613804823761,-0.038990329689903146,-0.032383250880002205,0.0,0.0,0.0,0.0
3132,-0.007171377038616808,0.007706278184058529,0.036197417023110606,-0.011740940622610621,-0.016579741955133922,0.0,0.0,0.0,0.0
3133,-0.00769548568825423,0.03880616896826285,0.10236103169678869,-0.038951919765914736,-0.03142065877460688,0.0,0.0,0.0,0.0
3134,-0.008205393125522221,0.028104136886887073,0.07932329443169893,-0.012257030126434455,-0.0167222489075258,0.0,0.0,0.0,0.0
3135,-0.008700158369682364,-0.07355006927039437,0.03881177800467325,-0.03884163516075398,-0.030400073952981096,0.0,0.0,0.0,0.0
3136,-0.009178868383326759,-0.08332068364334505,-0.02580152711924536,-0.012750500773353773,-0.01683389569058611,0.0,0.0,0.0,0.0
3137,-0.009640639757293177,-0.017124626625946618,-0.026832694088515928,-0.03865965172600778,-0.02932338273554739,0.0,0.0,0.0,0.0
3138,-0.010084620340902581,0.00862260614515715,0.07490393220469435,-0.013220448064433404,-0.0169144781988949,0.0,0.0,0.0,0.0
3139,-0.010509990814517185,0.010346883075218562,-0.1444702841415516,-0.03840633497933676,-0.02819260543650056,0.0,0.0,0.0,0.0
3140,-0.010915966201504864,0.0703700817796742,-0.004069441001091079,-0.013665997989205463,-0.016963847626282336,0.0,0.0,0.0,0.0
3141,-0.011301797316834455,-0.004841397308684277,-0.06991165354006286,-0.038082122788853305,-0.02700981879677383,0.0,0.0,0.0,0.0
3142,-0.011666772149616783,-0.06773918905982458,-0.21867764216409152,-0.014086327434417251,-0.016981910385239198,0.0,0.0,0.0,0.0
3143,-0.012010217177046428,-0.024347352071947326,-0.10375755908682342,-0.037687631972779335,-0.02577717257714861,0.0,0.0,0.0,0.0
3144,-0.012331498607317679,-0.06897934753397693,-0.12410354327563757,-0.014480660858304765,-0.01696863091582178,0.0,0.0,0.0,0.0
3145,-0.012630023549219866,0.06361126394898967,0.058321078581421534,-0.037223593606308114,-0.024496926735661857,0.0,0.0,0.0,0.0
3146,-0.012905241106258195,0.0860236222778344,-0.15263127426200374,-0.014848270757992601,-0.016924037676989703,0.0,0.0,0.0,0.0
3147,-0.01315664339327271,0.003631816302111901,-0.07808683057249924,-0.03669086608258171,-0.023171479034510195,0.0,0.0,0.0,0.0
3148,-0.013383766473689268,-0.12275106829989625,0.031187759472797685,-0.015188478833647214,-0.01684821480821068,0.0,0.0,0.0,0.0
3149,-0.013586191215664907,-0.020694847469683832,0.0600909767690806,-0.03609043240958801,-0.02180328603750658,0.0,0.0,0.0,0.0
3150,-0.013763544065551933,-0.08108722097201251,-0.06063571407907421,-0.015500657335800623,-0.01674130075897036,0.0,0.0,0.0,0.0
3151,-0.01391549773725203,-0.026134632884584452,-0.04511371338931343,-0.035423400348271745,-0.0203948717182104,0.0,0.0,0.0,0.0
3152,-0.01404177181618845,-0.04064749865879411,-0.05442261732666546,-0.015784230219723847,-0.016603493188307047,0.0,0.0,0.0,0.0
3153,-0.014142133276781791,-0.026854791750793278,-0.10238503513287317,-0.03469100037189546,-0.018948834672128163,0.0,0.0,0.0,0.0
3154,-0.014216396912473995,0.09933016586261813,0.033129498882842626,-0.016038674205458778,-0.016435046988221843,0.0,0.0,0.0,0.0
3155,-0.014264425677508234,0.045974903493083266,-0.005315360739379141,-0.03389458339790262,-0.017467842883746684,0.0,0.0,0.0,0.0
3156,-0.014286130939831816,-0.12188402391000605,-0.01645111096460342,-0.016263519740687935,-0.016236272639564477,0.0,0.0,0.0,0.0
3157,-0.01428147264465782,-0.015581596266854361,-0.10084543312687148,-0.03303561829819425,-0.015954622677566328,0.0,0.0,0.0,0.0
3158,-0.014250459388381815,-0.06336591490773316,-0.015448173732853124,-0.01645835186469269,-0.016007536612281253,0.0,0.0,0.0,0.0
3159,-0.014193148402718141,-0.14740973823980585,-0.11282285516558341,-0.032115689192383806,-0.014411959299916774,0.0,0.0,0.0,0.0
3160,-0.01410964544908479,-0.06426036532172388,-0.12530228543757202,-0.016622810971811345,-0.0157492576344336,0.0,0.0,0.0,0.0
3161,-0.014000104623431785,-0.09521478096134459,-0.014998715362299766,-0.03113649252902654,-0.01284265631399242,0.0,0.0,0.0,0.0
3162,-0.013864728071873158,-0.006354994148170564,-0.033195130853343205,-0.01675659343989473,-0.015461908251007161,0.0,0.0,0.0,0.0
3163,-0.013703765617647969,0.04978737473660605,0.003358540623692941,-0.030099833406639506,-0.011249553587332617,0.0,0.0,0.0,0.0
3164,-0.013517514300096591,-0.029272173229103114,-0.11582651360456814,-0.016859452133332866,-0.015146029324878903,0.0,0.0,0.0,0.0
3165,-0.013306317826507222,0.045404665689465294,-0.04117009457813806,-0.029007621652748304,-0.00963577747015705,0.0,0.0,0.0,0.0
3166,-0.013070565937838879,-0.03329182934803167,-0.007626406952835889,-0.01693119711153857,-0.01480219957603833,0.0,0.0,0.0,0.0
3167,-0.012810693689495872,-0.017259034617824673,0.029832660775100262,-0.027861871197834898,-0.00800421968763958,0.0,0.0,0.0,0.0
3168,-0.012527180648478539,-0.060810209601448714,0.11000647381233904,-0.016971696152693665,-0.014431053980088636,0.0,0.0,0.0,0.0
3169,-0.012220550008392384,0.018512613771309448,-0.02645084905449875,-0.02666470198667931,-0.006357897471181795,0.0,0.0,0.0,0.0
3170,-0.011891367623950173,0.053291114581401136,0.0034217442391506966,-0.01698087463262263,-0.014033277461944941,0.0,0.0,0.0,0.0
3171,-0.011540240966744006,-0.032717403321547385,-0.25403299220302766,-0.025418322272690173,-0.004699846773560492,0.0,0.0,0.0,0.0
3172,-0.01116781800422321,-0.025979082168764434,-0.057369966680822004,-0.016958717470486644,-0.013609603533960343,0.0,0.0,0.0,0.0
3173,-0.010774786003935867,0.069991780173519,-0.007332601149642017,-0.024125035909317208,-0.003033116990802846,0.0,0.0,0.0,0.0
3174,-0.01036187026524971,0.025332028971629884,0.08538279385343212,-0.01690526334334839,-0.013160814050727838,0.0,0.0,0.0,0.0
3175,-0.009929832780887913,-0.01296750097956403,0.1247142121408803,-0.02278722447891903,-0.0013607876730946625,0.0,0.0,0.0,0.0
3176,-0.009479470830751386,0.02546074088454219,0.02073522922738702,-0.01682061199666512,-0.012687737191338507,0.0,0.0,0.0,0.0
3177,-0.009011615510622267,-0.07347600655444063,-0.18210263003015797,-0.021407353436539097,0.0003140532590183732,0.0,0.0,0.0,0.0
3178,-0.008527130198463424,-0.006090331467305378,-0.10989070503598593,-0.01670491454719688,-0.012191246774496,0.0,0.0,0.0,0.0
3179,-0.008026908961146537,-0.07515799676261364,-0.0826405641080113,-0.01998795727542547,0.0019883061551391797,0.0,0.0,0.0,0.0
3180,-0.007511874904541777,-0.11101831717237093,-0.06334350225125991,-0.016558386700802875,-0.011672259002081648,0.0,0.0,0.0,0.0
3181,-0.0069829784700273,-0.008592323089081796,0.12519602416490988,-0.018531666381854665,0.0036588824282671024,0.0,0.0,0.0,0.0
3182,-0.006441195680545599,-0.02896960919047502,-0.06393318020306325,-0.016381300754528483,-0.01113173141303529,0.0,0.0,0.0,0.0
3183,-0.00588752633945714,-0.12405545089125017,0.03143960242264953,-0.017041199689655416,0.005322704124931572,0.0,0.0,0.0,0.0
3184,-0.005322992185507699,-0.00976397308181122,-0.08883444733663172,-0.01617398516100422,-0.010570661159811978,0.0,0.0,0.0,0.0
3185,-0.004748635007316577,0.04681576358460619,-0.018120335107849193,-0.015519319720216956,0.006976706409935636,0.0,0.0,0.0,0.0
3186,-0.004165514720864887,0.004437976279542545,0.1230644952540076,-0.01593682398178867,-0.009990083169436653,0.0,0.0,0.0,0.0
3187,-0.0035747074135312916,0.03355024518632629,0.10579914099764862,-0.01396881739176307,0.008617843185146499,0.0,0.0,0.0,0.0
3188,-0.0029773033582874784,0.05103306797722282,0.10595083071736237,-0.01567024890712451,-0.009391067796165966,0.0,0.0,0.0,0.0
3189,-0.0023744050017093254,0.03459583744470731,-0.048653582006119106,-0.012392471134051767,0.010243098926808736,0.0,0.0,0.0,0.0
3190,-0.0017671249295328018,-0.05184903642737929,-0.020777049558278166,-0.015374756422223287,-0.008774728791424026,0.0,0.0,0.0,0.0
3191,-0.0011565838134892333,-0.012665746363250817,0.06796246661186975,-0.010793279661255702,0.011849420927601769,0.0,0.0,0.0,0.0
3192,-0.0005439083432250498,-0.034819977811237274,0.1153866260931273,-0.015050891000272498,-0.008142191869660606,0.0,0.0,0.0,0.0
3193,6.977085288628005e-05,-0.020862009600567104,0.07931822333815705,-0.00917416984050196,0.013433882627043479,0.0,0.0,0.0,0.0
3194,0.0006833212942004245,-0.04576217075926084,0.04234669175182432,-0.014699250856180948,-0.007494635204327775,0.0,0.0,0.0,0.0
3195,0.0012956107376765368,0.020041090868835064,-0.030346440354468887,-0.007538131068862345,0.014993554584941044,0.0,0.0,0.0,0.0
3196,0.0019055092673135334,0.04692022569135231,-0.00596593258924606,-0.01432048391074482,-0.0068332452825058815,0.0,0.0,0.0,0.0
3197,0.002511891379290049,-0.03944604636824734,-0.010707100188558374,-0.005888179812138238,0.01652555696665918,0.0,0.0,0.0,0.0
3198,0.003113638058966212,-0.05900771480758303,-0.1551267450498313,-0.013915289305436522,-0.0061592406427298345,0.0,0.0,0.0,0.0
3199,0.0037096388459062707,0.08581539934359,-0.0380707525677352,-0.004227363250718321,0.01802704541146967,0.0,0.0,0.0,0.0
3200,0.004298793883117366,0.04925743963987504,0.08671704390362601,-0.013484412555545831,-0.005473870507093571,0.0,0.0,0.0,0.0
3201,0.004880015946720345,-0.023313420876792175,0.13324714757766307,-0.002558744843664778,0.019495282109568135,0.0,0.0,0.0,0.0
3202,0.005452232452307864,0.00015937928521872306,0.04025501363219092,-0.013028655291889898,-0.004778400415038613,0.0,0.0,0.0,0.0
3203,0.006014387434285009,-0.034298936906854795,0.09261376842691671,-0.00088539975543527,0.020927514296745504,0.0,0.0,0.0,0.0
3204,0.006565443494545041,-0.01815896980570331,-0.021136323731419725,-0.012548856563926595,-0.004074109724666039,0.0,0.0,0.0,0.0
3205,0.007104383716878817,-0.03276738035141311,0.1888934660700533,0.0007895497920801912,0.02232118233976353,0.0,0.0,0.0,0.0
3206,0.007630213543585625,0.02711259401040173,0.14554877607462938,-0.012045895989445974,-0.0033622996287997822,0.0,0.0,0.0,0.0
3207,0.008141962610825271,-0.0021213403183063494,-0.018141937278210108,0.0024630398577945873,0.023673640367786308,0.0,0.0,0.0,0.0
3208,0.008638686539324581,-0.06397256760287033,0.07097807099040411,-0.011520703652507219,-0.0026442882215433707,0.0,0.0,0.0,0.0
3209,0.00911946867712928,0.01999277283056837,-0.17846405646820765,0.004131988568686693,0.024982358255189213,0.0,0.0,0.0,0.0
3210,0.009583421791187919,0.009318063844120613,0.025354864233467948,-0.01097424763697659,-0.0019213963779792177,0.0,0.0,0.0,0.0
3211,0.010029689704650601,0.015093821940417987,0.08054708693139037,0.0057933714526763125,0.026245017551123,0.0,0.0,0.0,0.0
3212,0.010457448876850513,-0.01419561568441778,0.027118523740242952,-0.01040754088287535,-0.00119495964482283,0.0,0.0,0.0,0.0
3213,0.010865909923063749,-0.041852760220668486,-0.0428934085833981,0.0074440387418719094,0.027459225418558744,0.0,0.0,0.0,0.0
3214,0.011254319071234704,-0.010003913677665049,-0.11213471360870741,-0.009821625524781748,-0.00046631656716198154,0.0,0.0,0.0,0.0
3215,0.011621959552985048,0.01754167271834184,0.00917773561647954,0.009080975445898786,0.02862278930737691,0.0,0.0,0.0,0.0
3216,0.011968152926333539,0.048055368879785496,0.003707367706454441,-0.009217587418966982,0.0002631867229312797,0.0,0.0,0.0,0.0
3217,0.012292260327689888,-0.04218956039703734,0.02897240986719237,0.010701146668376793,0.029733521791238525,0.0,0.0,0.0,0.0
3218,0.012593683650810567,-0.010206423715663727,0.11272674665607686,-0.008596538474976432,0.0009922028697764284,0.0,0.0,0.0,0.0
3219,0.012871866650541183,-0.0034221543530462,-0.04835394895313081,0.012301511885324364,0.030789359107879687,0.0,0.0,0.0,0.0
3220,0.013126295969308801,0.04387368715093212,0.11687806362985566,-0.007959624365307293,0.0017193891899943904,0.0,0.0,0.0,0.0
3221,0.013356502084468876,0.05670383572299414,0.046693037024659656,0.013879218660389598,0.03178840524227822,0.0,0.0,0.0,0.0
3222,0.013562060174760965,-0.044279384886003643,0.07096752599576378,-0.0073080235771952815,0.002443402474355279,0.0,0.0,0.0,0.0
3223,0.013742590904271813,-0.01357071003257011,-0.02632512382823589,0.015431289898452907,0.032728782384263744,0.0,0.0,0.0,0.0
3224,0.013897761122458904,-0.027841171550983264,0.03797226053191977,-0.006642930818782136,0.0031629070282077803,0.0,0.0,0.0,0.0
3225,0.014027284478946167,-0.05810446640714618,0.04050540431312165,0.016954953207443217,0.03360877088048343,0.0,0.0,0.0,0.0
3226,0.014130921951952934,-0.08217914629873185,-0.06673704304050106,-0.005965579512450093,0.0038765762762328067,0.0,0.0,0.0,0.0
3227,0.014208482289383775,-0.07834368349987988,-0.09879564294004028,0.018447283586037835,0.034426756596573044,0.0,0.0,0.0,0.0
3228,0.014259822361763966,0.06734630134130648,-0.014457284832915468,-0.005277219637261952,0.00458309017612126,0.0,0.0,0.0,0.0
3229,0.01428484742637037,-0.004929817960485323,-0.044896198992951185,0.019905581652568057,0.035181159497515525,0.0,0.0,0.0,0.0
3230,0.014283511302068784,-0.030561330872363655,-0.04109168344403553,-0.004579121798304271,0.005281146864399565,0.0,0.0,0.0,0.0
3231,0.014255816454536552,-0.10350595369130136,0.13309212078875127,0.021327121444730736,0.03587067729784961,0.0,0.0,0.0,0.0
3232,0.014201813991712482,-0.051069735070319346,0.10152816848925136,-0.0038725707575874143,0.005969457935623043,0.0,0.0,0.0,0.0
3233,0.014121603569482378,-0.039496183252480936,0.22576842302411745,0.022709352387824573,0.036493995238436695,0.0,0.0,0.0,0.0
3234,0.01401533320777453,0.049578196341688315,-0.022908975659642023,-0.003158874517729733,0.006646752316012663,0.0,0.0,0.0,0.0
3235,0.01388319901740483,0.05978989193689058,-0.06509255748129947,0.024049639184205395,0.037049957088807636,0.0,0.0,0.0,0.0
3236,0.013725444838174023,-0.038981643742141886,-0.02211313725212797,-0.0024393479551250265,0.00731178068993163,0.0,0.0,0.0,0.0
3237,0.013542361788887706,0.0022438780267319824,0.22167265152142188,0.025345552779104982,0.03753754583189527,0.0,0.0,0.0,0.0
3238,0.01333428773012653,0.09542811834768404,0.01609068650843902,-0.0017153173563854505,0.00796331586162784,0.0,0.0,0.0,0.0
3239,0.013101606640760561,0.026162231724833614,0.0511111825429428,0.02659472328888569,0.03795586267471796,0.0,0.0,0.0,0.0
3240,0.012844747909355672,-0.1055549386259053,-0.07415370663815825,-0.0009881216464919145,0.008600155549514639,0.0,0.0,0.0,0.0
3241,0.012564185541782506,0.030555522436258715,0.13601220375120468,0.027794796697908238,0.03830413656098367,0.0,0.0,0.0,0.0
3242,0.012260437286488162,-0.08012916385947169,0.1371009263498544,-0.00025910769072166336,0.00922112460116246,0.0,0.0,0.0,0.0
3243,0.011934063679045703,-0.009715640643740156,-0.02695279643006323,0.028943562601609504,0.03858172559069995,0.0,0.0,0.0,0.0
3244,0.011585667007744504,0.031121515783897127,-0.14142407736041604,0.00047038693909017405,0.00982507715907552,0.0,0.0,0.0,0.0
3245,0.01121589020213007,-0.008288561105374483,-0.10032429785898872,0.030038909102468984,0.03878811820037159,0.0,0.0,0.0,0.0
3246,0.010825415646545943,-0.07935318735108755,-0.0727426867741586,0.0011990181295135182,0.010410898772451587,0.0,0.0,0.0,0.0
3247,0.010414963920863702,0.07229570865227337,0.08854912402370668,0.031078855018750302,0.03892293410297767,0.0,0.0,0.0,0.0
3248,0.00998529247072792,0.06914836146266228,-0.11360525353081291,0.0019254389102533005,0.01097750845104063,0.0,0.0,0.0,0.0
3249,0.009537194209772127,0.1045268961040037,0.1497344034553299,0.03206144084867446,0.03898592498601725,0.0,0.0,0.0,0.0
3250,0.009071496056377028,0.001890488692652573,-0.06959359282146023,0.0026483035471936054,0.011523860657323996,0.0,0.0,0.0,0.0
3251,0.008589057407680676,-0.04305499340279312,0.11939082546220563,0.03298481252373005,0.0389769749663553,0.0,0.0,0.0,0.0
3252,0.008090768553650506,-0.003524023514896612,0.016237385088712072,0.003366281825615123,0.012048947233338145,0.0,0.0,0.0,0.0
3253,0.007577549034148168,0.013082456885895294,0.08441718839445832,0.03384735222115326,0.03889610080104733,0.0,0.0,0.0,0.0
3254,0.0070503459420117424,-0.01083027905265969,0.12341314568107008,0.004078050260540149,0.012551799258601904,0.0,0.0,0.0,0.0
3255,0.006510132175298494,-0.0030424529636737044,-0.017780552738039447,0.0346474560112746,0.038743451853774445,0.0,0.0,0.0,0.0
3256,0.0059579046419014296,-0.04049924635331212,-0.06155748248554069,0.004782292252226344,0.01303148883572178,0.0,0.0,0.0,0.0
3257,0.005394682419862057,0.021389502870190674,0.03632034532156908,0.0353835734904922,0.03851930981696892,0.0,0.0,0.0,0.0
3258,0.0048215048767664675,-0.08287892315889656,-0.009918170705043942,0.005477709597074291,0.013487130800393583,0.0,0.0,0.0,0.0
3259,0.004239429751702438,0.06389773188398819,0.17022575083350241,0.03605442784619833,0.038224088190159204,0.0,0.0,0.0,0.0
3260,0.0036495312033143746,-0.06277318715758422,0.12204418188979975,0.006163014385941506,0.013917884352645153,0.0,0.0,0.0,0.0
3261,0.003052897827552229,-0.009860080077544756,-0.11748271259044821,0.03665873736640387,0.03785833151551568,0.0,0.0,0.0,0.0
3262,0.0024506306487856247,0.03967986704744353,-0.08713237030498144,0.0068369435373159424,0.014322954360725126,0.0,0.0,0.0,0.0
3263,0.0018438410879764349,0.0679144411652344,-0.03138801913141924,0.03719541792431779,0.03742271016525861,0.0,0.0,0.0,0.0
3264,0.0012336489116698591,-0.01498788412338159,0.01515698141703047,0.007498262007597247,0.014701592814803663,0.0,0.0,0.0,0.0
3265,0.0006211801655802118,0.04576730055597806,0.05069186357410652,0.03766342025265373,0.036918021693504235,0.0,0.0,0.0,0.0
3266,7.565096593161241e-06,-0.07085997107537202,0.04470565985276643,0.008145747563139233,0.015053100838586695,0.0,0.0,0.0,0.0
3267,-0.0006060639329868483,0.016518195239901088,0.10400660812656069,0.03806197162489981,0.03634519783009943,0.0,0.0,0.0,0.0
3268,-0.001218574535092561,0.057936776137770644,0.25750760059698213,0.008778199096989786,0.015376829716976728,0.0,0.0,0.0,0.0
3269,-0.0018288363855974174,0.027061407316426686,-0.030457613567886767,0.03839021564649636,0.03570529714986096,0.0,0.0,0.0,0.0
3270,-0.0024357233102106726,0.029701068767633242,0.021797371666762863,0.009394451696645097,0.015672182020984464,0.0,0.0,0.0,0.0
3271,-0.003038115362712428,0.06219994249540725,0.01420517084556986,0.038647649320264175,0.03499950185060234,0.0,0.0,0.0,0.0
3272,-0.0036349008916990292,0.040012535171239226,-0.02434166784587791,0.009993369430095213,0.0159386128408097,0.0,0.0,0.0,0.0
3273,-0.004224978592019584,0.042345397632497485,-0.029775409715152766,0.03883377926993645,0.03422911745589576,0.0,0.0,0.0,0.0
3274,-0.0048072595371156865,0.02475902281052113,0.16986995900385457,0.010573844667467209,0.016175630483443854,0.0,0.0,0.0,0.0
3275,-0.005380669188525185,0.08080902673117035,0.17070123343762472,0.0389482287552255,0.03339556365490921,0.0,0.0,0.0,0.0
3276,-0.005944149378828345,-0.014802690908842127,0.15551607857787703,0.011134799135968716,0.016382799205307372,0.0,0.0,0.0,0.0
3277,-0.006496660264385681,0.05497544879607895,-0.005874721344553399,0.03899080623177445,0.0325004013841534,0.0,0.0,0.0,0.0
3278,-0.0070371822442586145,0.025457060316046734,0.09273185455563443,0.011675204505107513,0.016559733797474534,0.0,0.0,0.0,0.0
3279,-0.007564717841779767,0.009925692899404134,0.11165254227385576,0.03896143213668007,0.03154523951459847,0.0,0.0,0.0,0.0
3280,-0.008078293545288003,0.005933160265810969,-0.07070091464518907,0.01219406649934751,0.016706110443092635,0.0,0.0,0.0,0.0
3281,-0.00857696160464431,0.09071739524959571,-0.014300152124765632,0.03886014999083028,0.0305318836577321,0.0,0.0,0.0,0.0
3282,-0.00905980178020369,0.022166861842886725,0.09060556662294335,0.012690426026791646,0.01682165676625753,0.0,0.0,0.0,0.0
3283,-0.009525923041022965,0.10153431170294674,-0.10492665323189866,0.03868715731576241,0.029462167239555154,0.0,0.0,0.0,0.0
3284,-0.009974465209163669,0.11879559882885055,0.06463279639894491,0.013163367556319706,0.016906159724039405,0.0,0.0,0.0,0.0
3285,-0.01040460054706063,0.05221484951570043,-0.08140819357504425,0.038442773790362934,0.028338079622214643,0.0,0.0,0.0,0.0
3286,-0.0108155352850249,0.05630825985156095,-0.12519243032155455,0.01361201825796147,0.016959462908834107,0.0,0.0,0.0,0.0
3287,-0.011206511086062531,0.06288747139489079,0.14592236545596757,0.038127453571764156,0.02716168781825134,0.0,0.0,0.0,0.0
3288,-0.011576806445306263,-0.018941375525919638,-0.0917615714003118,0.01403555008016672,0.01698146947004556,0.0,0.0,0.0,0.0
3289,-0.011925738021476173,0.017378220271816687,0.01064209211635506,0.03774178452096198,0.02593518406309831,0.0,0.0,0.0,0.0
3290,-0.012252661897915669,0.09155434097515375,0.04877148881475238,0.014433180503674248,0.016972138852259153,0.0,0.0,0.0,0.0
3291,-0.01255697477087224,0.09173271185587123,-0.10086456767346703,0.037286459738349535,0.024660821134226008,0.0,0.0,0.0,0.0
3292,-0.012838115062829464,-0.017396913208013388,0.06333900858999353,0.014804178458134653,0.016931487907338234,0.0,0.0,0.0,0.0
3293,-0.013095563958841566,-0.020271158214392675,0.12654821061367633,0.03676233361452127,0.02334094998865364,0.0,0.0,0.0,0.0
3294,-0.013328846363950977,0.07205189543798148,-0.066807449923502,0.015147857554434223,0.01685959138102348,0.0,0.0,0.0,0.0
3295,-0.013537531779926629,0.11238205977825841,-0.004117416053226037,0.03617036704006762,0.021978002148055422,0.0,0.0,0.0,0.0
3296,-0.013721235099702784,0.16780511565367057,-0.037999144850676556,0.015463583212902447,0.016756582108717995,0.0,0.0,0.0,0.0
3297,-0.013879617318054512,0.04545700713949622,0.16511156805543736,0.035511645970807894,0.020574495649390567,0.0,0.0,0.0,0.0
3298,-0.014012386157196202,0.08715917672714597,-0.012311834146819623,0.015750782755682393,0.016622651030928533,0.0,0.0,0.0,0.0
3299,-0.014119296606148786,0.1117147408333315,-0.22442608354074003,0.03478738079521667,0.019133034226347167,0.0,0.0,0.0,0.0
3300,-0.014200151372882771,0.06965712978993535,0.04918873886507094,0.01600891346904198,0.016458046591976534,0.0,0.0,0.0,0.0
3301,-0.014254801248399533,-0.007923247885726056,0.03417445689704078,0.03399891922234595,0.017656294952839,0.0,0.0,0.0,0.0
3302,-0.014283145382080992,0.002383978507406622,0.019854040796816717,0.016237501024330556,0.016263071800739624,0.0,0.0,0.0,0.0
3303,-0.014285131467798806,0.09322812383624579,-0.07573163509637534,0.03314771157229991,0.016146987646639615,0.0,0.0,0.0,0.0
3304,-0.014260755840439947,-0.001333265564425628,-0.195832180915171,0.016436123642840278,0.016038086602734807,0.0,0.0,0.0,0.0
3305,-0.01421006348267019,-0.026939121168750732,0.10546397979547739,0.032235330224954624,0.014607884572604889,0.0,0.0,0.0,0.0
3306,-0.014133147941923304,0.03300571903179529,-0.12041220369457181,0.016604415350813955,0.015783505398379034,0.0,0.0,0.0,0.0
3307,-0.014030151157769278,0.05266333398672734,0.008352235298987584,0.03126346854386227,0.013041818374964896,0.0,0.0,0.0,0.0
3308,-0.01390126319997941,-0.020672517767684067,0.002728364693407412,0.01674206529246265,0.015499798080088625,0.0,0.0,0.0,0.0
3309,-0.013746721917772658,0.04035940647521859,0.08870348466578297,0.030233909596091936,0.011451677642661053,0.0,0.0,0.0,0.0
3310,-0.013566812500889782,0.02638676953793786,0.06303527063142689,0.016848820050504865,0.015187486755877506,0.0,0.0,0.0,0.0
3311,-0.01336186695330557,-0.022712565214506795,-0.01203425784409915,0.029148568454009833,0.009840384266557678,0.0,0.0,0.0,0.0
3312,-0.01313226348055029,0.02112089881204964,-0.02098573905640272,0.016924481643880294,0.014847146956261234,0.0,0.0,0.0,0.0
3313,-0.01287842579177085,0.0012017321046782665,0.1420149438199,0.02800942864279309,0.00821090300606048,0.0,0.0,0.0,0.0
3314,-0.012600822317820653,0.016153379280002704,-0.1578805300715449,0.016968915228038495,0.014479404984633773,0.0,0.0,0.0,0.0
3315,-0.01229996534681875,-0.04473178762338667,0.20339683843007375,0.02681861660483709,0.006566227219337278,0.0,0.0,0.0,0.0
3316,-0.011976410078775429,0.033903529383338904,0.05207906113641152,0.016982033945421485,0.014084938059860958,0.0,0.0,0.0,0.0
3317,-0.011630753601030669,-0.04419321438529994,0.14673266954306458,0.025578306728450555,0.00490937929097621,0.0,0.0,0.0,0.0
3318,-0.011263633786389983,0.021340291408984295,-0.049335986759135086,0.01696381400826468,0.01366447334184452,0.0,0.0,0.0,0.0
3319,-0.010875728115998025,0.02710627307865857,-0.02812960948849401,0.024290796235851824,0.0032434192904853883,0.0,0.0,0.0,0.0
3320,-0.010467752429117653,-0.003644546171713392,0.08873522583040848,0.01691428997813338,0.01321878676746841,0.0,0.0,0.0,0.0
3321,-0.01004045960212497,-0.024303034895646607,-0.11008179584204072,0.02295846991270027,0.001571441587756986,0.0,0.0,0.0,0.0
3322,-0.00959463815915211,-0.016176428362537864,0.011259392563449731,0.016833551033344673,0.012748703712999104,0.0,0.0,0.0,0.0
3323,-0.009131110816951038,0.011999908300768672,0.06427393268165131,0.021583777395611705,-0.00010341976091036986,0.0,0.0,0.0,0.0
3324,-0.008650732966655857,0.02585317128559955,0.22739715687145942,0.016721741036085567,0.012255097307989413,0.0,0.0,0.0,0.0
3325,-0.008154391095246554,0.046616483620022575,-0.06208909343082526,0.020169203877754897,-0.0017779862423573536,0.0,0.0,0.0,0.0
3326,-0.007643001149631388,0.048348289094160994,0.10369386495917535,0.016579070945482312,0.011738883388371889,0.0,0.0,0.0,0.0
3327,-0.007117506846362213,0.002926426946699829,0.03836278928559792,0.018717374744721994,-0.0034491485846733843,0.0,0.0,0.0,0.0
3328,-0.00657887793010624,0.06600937422524585,-0.08436100306374013,0.016405812427904082,0.011201006339364801,0.0,0.0,0.0,0.0
3329,-0.006028108384080359,0.006470708007600107,0.029482087463916208,0.017231113146282808,-0.0051139665583901095,0.0,0.0,0.0,0.0
3330,-0.005466214595762801,0.04495474446133293,-0.156061085117825,0.0162022811897692,0.010642459887027769,0.0,0.0,0.0,0.0
3331,-0.004894233481254416,0.03951996916750719,0.059187911328640104,0.015713071094027132,-0.0067693597402087675,0.0,0.0,0.0,0.0
3332,-0.004313220571760554,0.11318291195232744,-0.052717042527091806,0.015968851421250922,0.01006428252037203,0.0,0.0,0.0,0.0
3333,-0.003724248065716565,-0.030346312029663564,0.15259832487769612,0.01416602902883715,-0.008412239264729731,0.0,0.0,0.0,0.0
3334,-0.0031284028501594634,0.0050870622681002085,0.15254199226179677,0.01570595428788647,0.009467527017190395,0.0,0.0,0.0,0.0
3335,-0.002526784494991426,0.03091551898136038,-0.014035225851900996,0.012592851021717918,-0.010039631544674346,0.0,0.0,0.0,0.0
3336,-0.0019205032238387707,-0.027060475604146355,-0.0610058698332177,0.015414074674228232,0.008853299740341554,0.0,0.0,0.0,0.0
3337,-0.0013106778652506017,0.04054966980338958,-0.03843326256455944,0.010996433677938669,-0.011648438625299264,0.0,0.0,0.0,0.0
3338,-0.0006984337880175696,0.004292438658323914,-0.057150488376345863,0.015093750861710246,0.00822273436842228,0.0,0.0,0.0,0.0
3339,-8.490082442332298e-05,0.0032766646238220993,-0.034961771063603805,0.00937971817114707,-0.013235795764548726,0.0,0.0,0.0,0.0
3340,0.0005287888147445906,0.0005888170866510303,0.1814367928889353,0.0147455729903168,0.007576994472143053,0.0,0.0,0.0,0.0
3341,0.0011415026295714893,0.027698150949725043,-0.00473351086410072,0.007745680398211378,-0.014798740036431031,0.0,0.0,0.0,0.0
3342,0.0017521099209218162,-0.04031878677814126,0.019983972592795378,0.01437018359299351,0.006917272458126695,0.0,0.0,0.0,0.0
3343,0.0023594838770299533,0.046913266605144055,0.12572374114779702,0.006097333774840705,-0.016334370226386504,0.0,0.0,0.0,0.0
3344,0.0029625036529112208,0.04206344315534676,-0.035681293130532914,0.01396827411274642,0.006244786396106293,0.0,0.0,0.0,0.0
3345,0.0035600564387646334,-0.0036310685847046643,-0.02673280028094129,0.004437711524567579,-0.01783984426060605,0.0,0.0,0.0,0.0
3346,0.0041510395135448035,-0.01876349471236307,0.04961280550872303,0.013540585793970723,0.00556077322990708,0.0,0.0,0.0,0.0
3347,0.004734362279921995,-0.01711041251157887,0.06493775204356211,0.002769871238467884,-0.019312455291682146,0.0,0.0,0.0,0.0
3348,0.005308948276861656,0.01043010951330128,0.037276308516654796,0.013087906494890923,0.004866502143006186,0.0,0.0,0.0,0.0
3349,0.005873737166120893,0.04123898576821366,0.10304545392767626,0.001096882297915205,-0.020749398112957698,0.0,0.0,0.0,0.0
3350,0.006427686688993465,-0.011235655621668896,0.025223160468815408,0.012611070559555819,0.004163249232667029,0.0,0.0,0.0,0.0
3351,0.006969774589687481,-0.0566237421747,-0.007476580348295169,-0.0005781751344941183,-0.02214800648337982,0.0,0.0,0.0,0.0
3352,0.007499000501792052,0.020162185933017496,-0.28293839860195036,0.012110956534542016,0.003452313647237681,0.0,0.0,0.0,0.0
3353,0.008014387794346944,-0.02330685178677611,0.028318375615750003,-0.0022522176807652514,-0.02350577494110191,0.0,0.0,0.0,0.0
3354,0.008514985374116124,0.11729399213227501,0.13055827300361564,0.011588485611377777,0.00273500902315439,0.0,0.0,0.0,0.0
3355,0.008999869440727193,-0.0006294986748708064,0.015071312110391252,-0.003922165002831335,-0.02482013663870745,0.0,0.0,0.0,0.0
3356,0.009468145191450202,-0.041687161424698034,-0.07543832078184799,0.01104462287950244,0.0020126552990180767,0.0,0.0,0.0,0.0
3357,0.00991894847246073,-0.027284165251826212,-0.03004485503397711,-0.0055849115773242124,-0.02608874162979967,0.0,0.0,0.0,0.0
3358,0.010351447373547082,0.11436296664396543,-0.0666895325674981,0.01048037520290389,0.0012865889417787298,0.0,0.0,0.0,0.0
3359,0.010764843763312139,-0.01093567709688107,0.1112930807936265,-0.007237321606233321,-0.027309175588138484,0.0,0.0,0.0,0.0
3360,0.011158374762041531,0.04268509008586498,0.014458734183130787,0.00989679124738289,0.0005581479776198642,0.0,0.0,0.0,0.0
3361,0.011531314149518192,0.05970980744232117,-0.007320005573223681,-0.008876253392217216,-0.02847922305538439,0.0,0.0,0.0,0.0
3362,0.01188297370518568,0.012435833017245738,0.07478584407535897,0.00929495261816527,-0.00017132479822737747,0.0,0.0,0.0,0.0
3363,0.012212704478187291,-0.010451523200163829,0.0027288692085369777,-0.010498651516524314,-0.029596745171896834,0.0,0.0,0.0,0.0
3364,0.012519897984936001,-0.024131475915237396,0.019521667072335293,0.008675968760894378,-0.0009004796985190182,0.0,0.0,0.0,0.0
3365,0.012803987332008285,-0.02229306066930202,-0.18046531769680146,-0.012101652742175352,-0.030659617242117906,0.0,0.0,0.0,0.0
3366,0.01306444826228653,-0.1098443443549875,0.02018734788976953,0.008040974078123604,-0.0016279748577455043,0.0,0.0,0.0,0.0
3367,0.013300800122419049,-0.09223716985348188,-0.18583506535304317,-0.01368236049130278,-0.03166594188918881,0.0,0.0,0.0,0.0
3368,0.013512606749817246,-0.015018614979827899,-0.034377978208856436,0.007391137754182041,-0.0023524653844771014,0.0,0.0,0.0,0.0
3369,0.013699477277547077,-0.03293880718065582,0.1086513960365792,-0.015237778375186901,-0.0326138217759124,0.0,0.0,0.0,0.0
3370,0.013861066855633297,0.10552589674878361,-0.05916258752674906,0.006727661983375291,-0.003072613236958959,0.0,0.0,0.0,0.0
3371,0.013997077287443446,-0.12070023854378822,-0.13905072568245336,-0.016765125617248217,-0.03350146857903189,0.0,0.0,0.0,0.0
3372,0.01410725757997948,-0.07090185332929773,0.02255932907642861,0.006051770178577851,-0.0037870912562658235,0.0,0.0,0.0,0.0
3373,0.014191404407058095,-0.04333012220665709,-0.09023388708993588,-0.018261559072714654,-0.03432733148872581,0.0,0.0,0.0,0.0
3374,0.014249362484528193,0.0314146177921927,-0.11560122526287595,0.005364711255067725,-0.004494580536592967,0.0,0.0,0.0,0.0
3375,0.014281024856831734,-0.06789312944474289,-0.18825413694400242,-0.01972428593907326,-0.03508984121040895,0.0,0.0,0.0,0.0
3376,0.014286333094378769,0.054617329073722805,0.16310143871603766,0.004667752553608046,-0.005193774611057831,0.0,0.0,0.0,0.0
3377,0.014265277401373197,-0.027584022921834393,-0.05746524094032166,-0.021150617276251654,-0.03578758411034638,0.0,0.0,0.0,0.0
3378,0.014217896633889874,-0.03684477770293899,-0.061947902051204796,0.003962180415626425,-0.005883384576831111,0.0,0.0,0.0,0.0
3379,0.014144278228169799,-0.059920286852168145,-0.051077162426819214,-0.022537917173536866,-0.03641929468528505,0.0,0.0,0.0,0.0
3380,0.0140445580392657,-0.01680768818434223,0.06458835875123091,0.0032492967967742417,-0.0065621391128107285,0.0,0.0,0.0,0.0
3381,0.013918920090335673,-0.11265289382993077,0.06796727247385045,-0.023883626752503974,-0.03698382422795863,0.0,0.0,0.0,0.0
3382,0.013767596233048086,0.003711491614414753,-0.10796612164123091,0.002530417207110024,-0.007228782940742111,0.0,0.0,0.0,0.0
3383,0.013590865719723235,-0.005109626598579314,-0.05141457667810424,-0.025185262774914934,-0.037480084380911556,0.0,0.0,0.0,0.0
3384,0.013389054688002158,0.025074130135524036,0.00630417874865606,0.0018068682213602267,-0.007882082657732966,0.0,0.0,0.0,0.0
3385,0.013162535558994966,-0.06819082642616905,-0.02338978412487797,-0.026440423296936133,-0.03790718282676376,0.0,0.0,0.0,0.0
3386,0.01291172635001546,0.018781643445660412,-0.05928334299758591,0.0010799850358201996,-0.008520837568520359,0.0,0.0,0.0,0.0
3387,0.012637089903174616,-0.03664156666797434,-0.16343399289590174,-0.0276467920899368,-0.03826429158756472,0.0,0.0,0.0,0.0
3388,0.012339133031253639,0.045974973008658784,0.055688028499874746,0.0003511090037101841,-0.009143870775227872,0.0,0.0,0.0,0.0
3389,0.012018405582434895,-0.010631215055095445,-0.10408026490731019,-0.02880214289551011,-0.03855079605463929,0.0,0.0,0.0,0.0
3390,0.011675499425613769,0.06742632876782234,0.05922351726878547,-0.00037841484424490027,-0.009750029472011217,0.0,0.0,0.0,0.0
3391,0.011311047358166232,-0.02972988765094909,0.11583305366897226,-0.029904343648436027,-0.03876617540361171,0.0,0.0,0.0,0.0
3392,0.010925721938189772,-0.0065888372179971925,-0.09526138878695628,-0.001107240275463252,-0.01033819567628354,0.0,0.0,0.0,0.0
3393,0.010520234243365552,0.01150534581980018,-0.18501188399358176,-0.030951360268918614,-0.03891001501492927,0.0,0.0,0.0,0.0
3394,0.01009533255874024,-0.09780279081241186,0.08785482488891885,-0.0018340223492207721,-0.01090728441863678,0.0,0.0,0.0,0.0
3395,0.009651800995843849,-0.032469863775659864,-0.20544966890737687,-0.0319412606138063,-0.038982063376913186,0.0,0.0,0.0,0.0
3396,0.009190458045695566,-0.03163202364951201,0.035915193216351,-0.002557419887379536,-0.011456244072678727,0.0,0.0,0.0,0.0
3397,0.008712155068361373,-0.033751470736802215,-0.0826874630248832,-0.0328722178131826,-0.0389821566378372,0.0,0.0,0.0,0.0
3398,0.008217774721860915,-0.18390589293990148,-0.040824312261720244,-0.003276097963195607,-0.011984062811054767,0.0,0.0,0.0,0.0
3399,0.007708229333314448,0.015709860662719524,0.03636367775522051,-0.03374251391749121,-0.038910320884037106,0.0,0.0,0.0,0.0
3400,0.007184459215337094,0.03195962996133799,-0.11657095284270748,-0.003988730349597374,-0.012489767583790267,0.0,0.0,0.0,0.0
3401,0.0066474309307917425,0.01278984884319994,-0.16274546048461952,-0.03455054276028006,-0.03876669822511721,0.0,0.0,0.0,0.0
3402,0.006098135509098258,-0.0016482409149855487,0.08030574563029494,-0.00469400198357303,-0.0129724234505648,0.0,0.0,0.0,0.0
3403,0.0055375866173925465,0.01630620202900017,0.10468224368722576,-0.035294813262764506,-0.038551530677627954,0.0,0.0,0.0,0.0
3404,0.004966818689910089,-0.14191554812136875,-0.017883209188254146,-0.005390611376308072,-0.013431137475588065,0.0,0.0,0.0,0.0
3405,0.004386885019045958,-0.09953378057258963,0.029875433155901014,-0.03597395183575826,-0.03826523117180406,0.0,0.0,0.0,0.0
3406,0.003798855811613699,-0.04042014422386358,0.0066318176104290995,-0.006077273030985675,-0.013865062625883618,0.0,0.0,0.0,0.0
3407,0.0032038162138923712,-0.021345467925584633,-0.2342148308915145,-0.036586705255804895,-0.03790829740409461,0.0,0.0,0.0,0.0
3408,0.002602864309100876,-0.05731456418499046,0.15257310671608243,-0.006752719802910958,-0.014273400756234414,0.0,0.0,0.0,0.0
3409,0.001997109091000006,-0.06626960763234388,0.11565971006972149,-0.037131942685398635,-0.037481442275919305,0.0,0.0,0.0,0.0
3410,0.0013876684173642845,-0.07842866588805608,0.07140253083639513,-0.007415705245517265,-0.014655406856187008,0.0,0.0,0.0,0.0
3411,0.0007756669470886031,-0.007642555229138138,-0.10501593796966541,-0.0376086579737314,-0.03698538787770796,0.0,0.0,0.0,0.0
3412,0.0001622340647500849,-0.00757203778952455,-0.11482193014108398,-0.008065005910985423,-0.01501036892928596,0.0,0.0,0.0,0.0
3413,-0.0004514982035535988,-0.09655249461021621,-0.05694901277766126,-0.03801597142046849,-0.03642109332439565,0.0,0.0,0.0,0.0
3414,-0.0010643972792377303,0.0432446375781312,0.10611879616072852,-0.008699423600741257,-0.015337627115525651,0.0,0.0,0.0,0.0
3415,-0.0016753321212896887,-0.10749234519100867,-0.012435186417633526,-0.038353131361876985,-0.03578957849872752,0.0,0.0,0.0,0.0
3416,-0.0022831753134829515,-0.021584892589493355,0.0023489267056248514,-0.009317787592559381,-0.01563657879658834,0.0,0.0,0.0,0.0
3417,-0.0028868051449060157,-0.08224239116266963,-0.023395017004244123,-0.03861951573382944,-0.035092024952025264,0.0,0.0,0.0,0.0
3418,-0.0034851076799643356,0.030986363363644142,-0.09972863616642161,-0.00991895676228845,-0.015906675936646665,0.0,0.0,0.0,0.0
3419,-0.004076978814030115,-0.0721208586089927,-0.17632921214959388,-0.03881463261079667,-0.034329719414464326,0.0,0.0,0.0,0.0
3420,-0.004661326310952481,0.022759648351802088,0.16912084309769662,-0.010501821660433062,-0.016147420236148208,0.0,0.0,0.0,0.0
3421,-0.005237071818662912,0.0018515650127383446,-0.014656306846860784,-0.038938120763596484,-0.03350406259576759,0.0,0.0,0.0,0.0
3422,-0.005803152859164813,-0.08448863559563123,-0.15724918995677187,-0.01106530677517639,-0.016358367025088368,0.0,0.0,0.0,0.0
3423,-0.006358524789221837,0.005999534639976392,-0.09483067451884153,-0.03898975465581222,-0.03261657176821593,0.0,0.0,0.0,0.0
3424,-0.006902162728137963,-0.04645765899994115,-0.0730889722655683,-0.011608370535513791,-0.01653912690753208,0.0,0.0,0.0,0.0
3425,-0.007433063449069228,-0.013847151440207487,0.01712992079632482,-0.038969442050767605,-0.031668888655573144,0.0,0.0,0.0,0.0
3426,-0.007950247230372262,-0.022580404672378596,-0.062685805405339,-0.012130012790389208,-0.016689366543551385,0.0,0.0,0.0,0.0
3427,-0.008452759663578276,-0.08702061217980162,0.029775605842642397,-0.03887721562799046,-0.03066276365670395,0.0,0.0,0.0,0.0
3428,-0.008939673414653876,-0.06136805814415461,0.023651757954430752,-0.012629270580244814,-0.016808810808503057,0.0,0.0,0.0,0.0
3429,-0.00941008993529883,-0.045803591272839235,0.030676063670180248,-0.038713244732157176,-0.02960002783315454,0.0,0.0,0.0,0.0
3430,-0.009863141121123091,-0.012956771977132788,0.022630441171975605,-0.013105222669891886,-0.01689723520609766,0.0,0.0,0.0,0.0
3431,-0.010297990913641291,-0.11788040627213611,-0.17454450780971495,-0.038477832677070806,-0.02848267291213053,0.0,0.0,0.0,0.0
3432,-0.010713836843132844,-0.08136260351573019,-0.04477683506264234,-0.013556990744826674,-0.016954476895389148,0.0,0.0,0.0,0.0
3433,-0.011109911509514262,-0.0005217923206476197,-0.1925149873200636,-0.038171414011541456,-0.027312755290451286,0.0,0.0,0.0,0.0
3434,-0.01148548399849717,-0.004455783767794515,-0.02880596744769283,-0.013983741084203685,-0.01698043109981798,0.0,0.0,0.0,0.0
3435,-0.01183986123041147,-0.014653142985272132,-0.05544943713201389,-0.037794553972966986,-0.02609244355881447,0.0,0.0,0.0,0.0
3436,-0.012172389239213797,0.02982242886584395,0.03557655144950198,-0.014384686160741464,-0.016975049940603247,0.0,0.0,0.0,0.0
3437,-0.01248245437931203,-0.09017685989868349,0.054695937400182706,-0.03734794759194603,-0.024823985150229464,0.0,0.0,0.0,0.0
3438,-0.01276948445798438,0.03111388798797181,0.08065091916978756,-0.01475908740167274,-0.016938342710691615,0.0,0.0,0.0,0.0
3439,-0.013032949791300166,0.02104534487293576,-0.0539160113478496,-0.036832414497357135,-0.023509711203190186,0.0,0.0,0.0,0.0
3440,-0.013272364181597825,0.02883502186451868,-0.15245886838418196,-0.015106251356699964,-0.016870376620438464,0.0,0.0,0.0,0.0
3441,-0.013487285814710067,0.015610439102807572,0.10481024971084099,-0.03624890856887423,-0.022152038700123826,0.0,0.0,0.0,0.0
3442,-0.013677318075285959,0.04757486223655699,-0.115894866231241,-0.015425536766903603,-0.016771277675058677,0.0,0.0,0.0,0.0
3443,-0.013842110278703683,-0.06022966588235511,-0.07537161551253821,-0.035598521511969045,-0.020753482998210827,0.0,0.0,0.0,0.0
3444,-0.013981358318221655,-0.0350630425872877,-0.032056373302749325,-0.015716351215230046,-0.016641229462933494,0.0,0.0,0.0,0.0
3445,-0.014094805226175866,0.0010208359572205575,0.029755105256546326,-0.034882470999989354,-0.019316640912762677,0.0,0.0,0.0,0.0
3446,-0.014182241648186449,-0.029477969028432745,-0.12842352979922708,-0.015978166430989735,-0.01648047233988732,0.0,0.0,0.0,0.0
3447,-0.014243506229499908,-0.0037418715171645273,-0.060681933450875775,-0.03410202767299167,-0.017844172462877422,0.0,0.0,0.0,0.0
3448,-0.014278485912751755,0.0312833181772785,-0.09776254056055277,-0.016210496817599274,-0.016289302207203624,0.0,0.0,0.0,0.0
3449,-0.014287116146602292,-0.040607717210834476,-0.18627944612451153,-0.0332586503597869,-0.016338775395320925,0.0,0.0,0.0,0.0
3450,-0.014269381004859404,0.03298936984918588,-0.1712284136281721,-0.016412913123678725,-0.016068072270372775,0.0,0.0,0.0,0.0
3451,-0.014225313215868578,-0.05588020068054764,0.0008895069461752076,-0.03235390108908546,-0.014803230376200934,0.0,0.0,0.0,0.0
3452,-0.014154994102116202,-0.08926184167330885,-0.012030190628242744,-0.016585047648772774,-0.015817192650831688,0.0,0.0,0.0,0.0
3453,-0.014058553430157428,0.06414776646061782,0.16057272842011214,-0.03138942997875557,-0.013240397016678916,0.0,0.0,0.0,0.0
3454,-0.013936169171145612,0.008682436276357796,-0.04453343337660953,-0.01672657400649526,-0.015537118148309133,0.0,0.0,0.0,0.0
3455,-0.01378806717240508,-0.12024443163702882,-0.06484566170953875,-0.030367019807539,-0.011653024389481806,0.0,0.0,0.0,0.0
3456,-0.01361452074065397,-0.030304427573192086,-0.015495698391249701,-0.01683723359771541,-0.015228376415402098,0.0,0.0,0.0,0.0
3457,-0.013415850137644746,-0.04323032709675532,0.1357473068569256,-0.02928857920120123,-0.010044249761886776,0.0,0.0,0.0,0.0
3458,-0.013192421989155222,0.1032917472456813,0.18799505627728216,-0.016916821971782244,-0.01489153093631005,0.0,0.0,0.0,0.0
3459,-0.012944648608418236,-0.03379702834114184,-0.07862632503251425,-0.028156091447326233,-0.00841689459261312,0.0,0.0,0.0,0.0
3460,-0.012672987235242359,0.024863969450599405,-0.10131233700983994,-0.016965193094234894,-0.014527198303812165,0.0,0.0,0.0,0.0
3461,-0.012377939192222175,0.02919386331944251,0.15416413532009557,-0.026971655542233294,-0.006773923034708558,0.0,0.0,0.0,0.0
3462,-0.01206004895960076,-0.03029824972515656,-0.000847822155954827,-0.016982256522950278,-0.014136063119649486,0.0,0.0,0.0,0.0
3463,-0.01171990317048806,-0.0022761916586022633,0.007275623485226202,-0.02573743851959904,-0.0051185580978737885,0.0,0.0,0.0,0.0
3464,-0.011358129528292122,-0.046670624655237455,-0.1483310021828309,-0.0169679806134691,-0.01371884010223368,0.0,0.0,0.0,0.0
3465,-0.010975395648355923,-0.0981953013929141,-0.13468868308120768,-0.024455721994480005,-0.003453724476725158,0.0,0.0,0.0,0.0
3466,-0.010572407825945264,-0.12118011700030792,0.09113913893423514,-0.016922396590419195,-0.013276307649003671,0.0,0.0,0.0,0.0
3467,-0.010149909732854788,-0.07376436509657705,-0.02838576057783352,-0.02312887517983961,-0.0017825319653487328,0.0,0.0,0.0,0.0
3468,-0.009708681045038258,0.03044076585218158,0.16035298793726133,-0.016845583522851874,-0.012809267962288918,0.0,0.0,0.0,0.0
3469,-0.009249536003799342,-0.09469105644663443,0.26201975447469256,-0.021759358381240435,-0.00010803871926821016,0.0,0.0,0.0,0.0
3470,-0.008773321913194361,-0.10754151377590618,0.009527201679787782,-0.01673768521284521,-0.01231859501786091,0.0,0.0,0.0,0.0
3471,-0.008280917576421446,0.021388983407785552,0.07254580576091821,-0.020349714903052766,0.0015666533648048763,0.0,0.0,0.0,0.0
3472,-0.007773231674081325,-0.023272860507409898,0.0781300643349857,-0.01659890178985785,-0.011805192044284036,0.0,0.0,0.0,0.0
3473,-0.007251201087302171,0.03633039896907522,-0.04621664060722913,-0.018902514839338424,0.0032384304168768946,0.0,0.0,0.0,0.0
3474,-0.006715789168825034,-0.07962731094904389,-0.14139825047785132,-0.01642948058146557,-0.011269999905659073,0.0,0.0,0.0,0.0
3475,-0.00616798396523525,-0.024614500367626854,-0.1264706471316303,-0.017420369903152967,0.004904223093934032,0.0,0.0,0.0,0.0
3476,-0.005608796393627763,0.002437239818744035,0.008868548982078589,-0.01622973876656024,-0.010714008488722879,0.0,0.0,0.0,0.0
3477,-0.005039258376063353,-0.036965446727267724,0.020371139038952997,-0.0159061104119682,0.0065609725848773046,0.0,0.0,0.0,0.0
3478,-0.00446042093526835,-0.029437773331697205,0.10985013093870816,-0.01600004638302353,-0.010138245643599329,0.0,0.0,0.0,0.0
3479,-0.003873352255078608,0.012564459785227352,-0.20949731891255838,-0.014362487244773903,0.008205632219600167,0.0,0.0,0.0,0.0
3480,-0.0032791357092196486,0.011248946146982176,0.030350535014304247,-0.01574082774679933,-0.00954377217760886,0.0,0.0,0.0,0.0
3481,-0.002678867862055186,-0.060576172678589696,0.028669513593634753,-0.012792363523488911,0.009835171210003974,0.0,0.0,0.0,0.0
3482,-0.0020736564449901577,0.035118324469607186,-0.0993254046921055,-0.015452561340524112,-0.008931686861929368,0.0,0.0,0.0,0.0
3483,-0.0014646183122704712,0.008624677321415827,-0.09659567134361507,-0.011198637082447569,0.011446554773789704,0.0,0.0,0.0,0.0
3484,-0.0008528773799431303,-0.055532526558365894,0.05436550687946044,-0.01513577923184552,-0.00830311898352194,0.0,0.0,0.0,0.0
3485,-0.00023956255179098977,-0.06794989084921761,-0.027237200487012284,-0.009584249212479698,0.013036812915020592,0.0,0.0,0.0,0.0
3486,0.00037419436394490644,-0.00043573025685292484,-0.04764775188094782,-0.014791066104660413,-0.007659228166452789,0.0,0.0,0.0,0.0
3487,0.0009872607431968044,0.025854780341175016,0.04538901880542372,-0.007952179212703348,0.014603017293813934,0.0,0.0,0.0,0.0
3488,0.0015985052362100683,-0.009054357528289753,-0.17074538913840293,-0.014419058178012515,-0.007001206275328663,0.0,0.0,0.0,0.0
3489,0.002206799855328573,-0.04487834260422043,-0.14900636058773986,-0.006305438900127543,0.016142205283478043,0.0,0.0,0.0,0.0
3490,0.0028110220565817465,-0.06768981720313207,-0.09645089350145873,-0.014020442030322046,-0.006330263904168815,0.0,0.0,0.0,0.0
3491,0.0034100568112181884,-0.0006497051409525131,0.01509180344757411,-0.004647067059014695,0.01765164447728441,0.0,0.0,0.0,0.0
3492,0.004002798663374814,-0.04458599486137543,-0.008028209716252791,-0.013595953330911167,-0.005647642548530001,0.0,0.0,0.0,0.0
3493,0.004588153770081777,-0.020572892289030927,0.019635059440501878,-0.0029801238405423817,0.019128489762582395,0.0,0.0,0.0,0.0
3494,0.005165041919833443,-0.0751115316162918,0.13072691504367237,-0.013146375481163586,-0.004954593810024174,0.0,0.0,0.0,0.0
3495,0.005732398526005928,0.031074977764471816,0.06555915944633903,-0.0013076851231106925,0.02057010219281193,0.0,0.0,0.0,0.0
3496,0.0062891765914401335,0.05926300740598486,0.021516893706399046,-0.012672538167814506,-0.004252403566700919,0.0,0.0,0.0,0.0
3497,0.006834348640565294,0.04450425510672339,0.22221242340727673,0.00036716315632460245,0.021973702517147257,0.0,0.0,0.0,0.0
3498,0.0073669086154978065,0.03357021808060337,-0.14206568697563265,-0.012175315831038312,-0.0035423664712592212,0.0,0.0,0.0,0.0
3499,0.00788587373261422,0.1268415553642067,0.06872298898135511,0.0020413306894232364,0.0233367729970522,0.0,0.0,0.0,0.0
3500,0.008390286296177543,-0.010908204523955262,-0.009053200179916015,-0.011655626050150034,-0.002825793217268758,0.0,0.0,0.0,0.0
3501,0.008879215465662612,0.021855716054112472,-0.026924356817738745,0.003711728491665748,0.02465675881867738,0.0,0.0,0.0,0.0
3502,0.009351758973526686,0.02701118339531129,0.05340053381423411,-0.01111442784989371,-0.002104004850935312,0.0,0.0,0.0,0.0
3503,0.009807044790246465,-0.1039087031757465,-0.004312899671908919,0.0053752745950880225,0.025931263696988352,0.0,0.0,0.0,0.0
3504,0.010244232733560359,0.11245733695020324,0.05789667030671761,-0.01055272015006711,-0.0013783335861770642,0.0,0.0,0.0,0.0
3505,0.010662516018935489,-0.06878489984075806,0.013513929560222751,0.007028896731636216,0.027157909940090263,0.0,0.0,0.0,0.0
3506,0.011061122748403216,-0.006859444066777831,0.04939768419250467,-0.009971538888677672,-0.0006501190993634901,0.0,0.0,0.0,0.0
3507,0.011439317335017367,0.047732446297171126,-0.029459572635548135,0.008669561596230807,0.028334436772209894,0.0,0.0,0.0,0.0
3508,0.01179640186030272,-0.0602255916433182,0.12264456844920422,-0.009371955550950078,7.929500705126626e-05,0.0,0.0,0.0,0.0
3509,0.01213171736218941,-0.047083053708666694,0.014792105227346026,0.010294232190199187,0.029458675260610693,0.0,0.0,0.0,0.0
3510,0.012444645051058516,0.04578770818155351,0.04893308317973281,-0.00875507560748068,0.0008085626766932886,0.0,0.0,0.0,0.0
3511,0.01273460745165452,-0.07851503421661846,0.08703664542260764,0.011899936205130055,0.03052855074609251,0.0,0.0,0.0,0.0
3512,0.013001069468754478,-0.06872160478085904,0.025014021753386188,-0.008122045462046722,0.0015363381236180478,0.0,0.0,0.0,0.0
3513,0.013243539374630561,0.03387220968465956,0.04228932478034915,0.013483649045759787,0.03154208889010702,0.0,0.0,0.0,0.0
3514,0.013461569716481273,-0.14289946361061606,0.18898397656998958,-0.007474026281132436,0.002261278315673422,0.0,0.0,0.0,0.0
3515,0.01365475814216024,0.021187205530308985,0.20510942507663366,0.015042497182567994,0.03249741931850271,0.0,0.0,0.0,0.0
3516,0.013822748142673494,-0.009704982649617269,0.03145977063664304,-0.006812209600774168,0.0029820454529160658,0.0,0.0,0.0,0.0
3517,0.013965229710079817,-0.003378265251444655,-0.0004200077051175685,0.0165735670300027,0.03339277907311446,0.0,0.0,0.0,0.0
3518,0.014081939909578397,0.022062568719733715,0.046450192133960004,-0.0061378227421119485,0.003697309436375901,0.0,0.0,0.0,0.0
3519,0.014172663364727011,-0.018277617833973553,-0.07142848341253882,0.018074065087370993,0.03422651586513177,0.0,0.0,0.0,0.0
3520,0.014237232654896778,0.029603415220679767,0.19833649186097757,-0.005452110442737912,0.004405750322606647,0.0,0.0,0.0,0.0
3521,0.014275528624229393,0.003732029554446726,-0.0522395895731777,0.019541189627186345,0.03499709112423424,0.0,0.0,0.0,0.0
3522,0.01428748060152678,-0.055507017802374235,0.04772560164480525,-0.00475633588856893,0.005106060759500877,0.0,0.0,0.0,0.0
3523,0.014273066530667355,0.04675835222822272,-0.022818067122200823,0.020972277778090555,0.03570308283787677,0.0,0.0,0.0,0.0
3524,0.01423231301130835,0.0023143137764083596,-0.13787957538881385,-0.004051785923794467,0.005796948398864373,0.0,0.0,0.0,0.0
3525,0.014165295249798869,0.021037951914974803,0.1374550000934771,0.02236469358953957,0.03634318817547316,0.0,0.0,0.0,0.0
3526,0.014072136920394551,0.0481656251745059,0.0032154491542600114,-0.003339758131023381,0.006477138281305722,0.0,0.0,0.0,0.0
3527,0.013953009937029335,0.04488134403712826,0.09353568945806351,0.02371579646857506,0.03691622589264481,0.0,0.0,0.0,0.0
3528,0.013808134136067008,-0.06872786198516415,-0.044049571312668324,-0.0026215657087419394,0.007145374738565437,0.0,0.0,0.0,0.0
3529,0.01363777687061555,0.017203526463957914,0.021214702258299276,0.02502314474118141,0.03742113793826221,0.0,0.0,0.0,0.0
3530,0.01344225251715518,-0.056880528459031694,0.015035923320224522,-0.0018985396515209874,0.0078004156884531415,0.0,0.0,0.0,0.0
3531,0.013221921895389992,0.06934234471352055,0.16982729147678577,0.026284311872210725,0.03785700866807433,0.0,0.0,0.0,0.0
3532,0.012977191602392387,-0.013589905815482875,0.08853917091045974,-0.0011720142957808077,0.008441062771824942,0.0,0.0,0.0,0.0
3533,0.012708513262270628,-0.033906141684643704,-0.1735116826076069,0.027496974463545695,0.03822299485856425,0.0,0.0,0.0,0.0
3534,0.012416382692744525,0.00620742505188993,-0.11197246278902338,-0.0004433248047403729,0.009066138137380443,0.0,0.0,0.0,0.0
3535,0.012101338990165947,0.042819611598086026,0.11981436747002223,0.028658900916448633,0.0385184471998138,0.0,0.0,0.0,0.0
3536,0.011763963534672002,0.07053266987392723,0.019771051001167467,0.0002861831223777763,0.009674487991053842,0.0,0.0,0.0,0.0
3537,0.011404878917309673,0.021833033394963588,0.13631095042629088,0.0297679401220209,0.0387428349832605,0.0,0.0,0.0,0.0
3538,0.01102474779110885,-0.02525038945617974,0.03738205386796815,0.0010151629569964567,0.01026498408209648,0.0,0.0,0.0,0.0
3539,0.010624271648226888,0.01376573310606399,0.10012868384966363,0.03082204308380429,0.038895726412591126,0.0,0.0,0.0,0.0
3540,0.010204189525415772,-0.03541917224775042,0.001463880037364286,0.0017422693791731354,0.010836536467673142,0.0,0.0,0.0,0.0
3541,0.009765276640209528,0.04690266159369296,-0.18431979487277003,0.03181926489025508,0.038976828876250535,0.0,0.0,0.0,0.0
3542,0.009308342960341373,0.00913384186408091,0.1618968557648683,0.002466160577390846,0.011388091415654465,0.0,0.0,0.0,0.0
3543,0.008834231709031682,0.044030899075592635,0.0032098330047472465,0.03275776594158179,0.03898601121364752,0.0,0.0,0.0,0.0
3544,0.008343817808909037,-0.07378022049505414,-0.09259262522307053,0.0031855006849829423,0.011918631628788387,0.0,0.0,0.0,0.0
3545,0.007838006267431925,0.07440031297036323,0.18631341200915683,0.033635814905508134,0.03892325762377207,0.0,0.0,0.0,0.0
3546,0.00731773050679232,-0.01573950659924724,-0.037986045656367734,0.0038989622388184114,0.012427176489827493,0.0,0.0,0.0,0.0
3547,0.006783950641382842,0.0006163272487448995,0.0072019748998528865,0.03445179189136341,0.03878866037495498,0.0,0.0,0.0,0.0
3548,0.006237651706005906,-0.04922546842912558,0.15312202672211586,0.004605228628541526,0.012912788147518894,0.0,0.0,0.0,0.0
3549,0.005679841838096667,0.047222316655484715,0.18629572514466497,0.03520419147366979,0.038582484847091515,0.0,0.0,0.0,0.0
3550,0.005111550417308874,0.0032857625907601845,0.0311979247633253,0.005302996526422,0.013374562987832045,0.0,0.0,0.0,0.0
3551,0.004533826165904413,0.062361837600663016,0.23042855948669874,0.035891625498827594,0.03830512312262461,0.0,0.0,0.0,0.0
3552,0.003947735213443995,-0.04206531568080861,-0.07354557907273879,0.005990978292664388,0.013811656634135458,0.0,0.0,0.0,0.0
3553,0.0033543591293606297,-0.029817024169889086,0.1873571132031759,0.03651282566666347,0.03795707182968187,0.0,0.0,0.0,0.0
3554,0.0027547929270327325,0.048399735738145544,0.012900002957476998,0.006667904351760856,0.014223262648257469,0.0,0.0,0.0,0.0
3555,0.0021501430430532144,0.11157767918686518,0.14206911013442516,0.037066645885030704,0.03753896517125168,0.0,0.0,0.0,0.0
3556,0.0015415252954179175,-0.015238349450429213,0.009950482038840414,0.007332525535553101,0.014608625436672568,0.0,0.0,0.0,0.0
3557,0.0009300628243984452,-0.021766338993222285,-0.008410511471317383,0.037552064395262194,0.03705153975137301,0.0,0.0,0.0,0.0
3558,0.00031688401990447073,0.0027693053752604778,0.1299415860444969,0.007983618856240543,0.014967035719540629,0.0,0.0,0.0,0.0
3559,-0.00029687956083996643,0.02990738968751112,-0.06268632679818684,0.03796817395614911,0.036495804017467444,0.0,0.0,0.0,0.0
3560,-0.0009100952814667256,0.01455700934636673,0.07448186425290718,0.008619981356050811,0.015297822893236196,0.0,0.0,0.0,0.0
3561,-0.0015216315166273167,0.06415902179081236,-0.04672745190065406,0.038314195562657895,0.03587268774785476,0.0,0.0,0.0,0.0
3562,-0.0021303597402872656,-0.03576945996513489,-0.039190899096041565,0.009240435429696468,0.015600379499393779,0.0,0.0,0.0,0.0
3563,-0.0027351566083030497,0.02261055168654529,0.3055396054396761,0.0385895363221425,0.03518338032848263,0.0,0.0,0.0,0.0
3564,-0.003334906031435991,-0.07681535113397192,0.1006566981344762,0.009843836413256387,0.01587414639363233,0.0,0.0,0.0,0.0
3565,-0.003928501234977983,0.04063186751029752,-0.07519713168931316,0.03879365479705336,0.034429137221682074,0.0,0.0,0.0,0.0
3566,-0.004514846801188614,-0.011964676571651973,0.12648868069926242,0.010429070423657864,0.016118618078955694,0.0,0.0,0.0,0.0
3567,-0.005092860690772257,-0.006147095854864115,-0.11215420691009328,0.038926176386687744,0.033611333798222155,0.0,0.0,0.0,0.0
3568,-0.005661476239670532,-0.006258581002524471,0.058222300969987956,0.01099505800404498,0.01633334400012812,0.0,0.0,0.0,0.0
3569,-0.006219644127477112,0.0777225759231311,0.02264461635107028,0.038986864320087765,0.03273150986654931,0.0,0.0,0.0,0.0
3570,-0.006766334313850788,-0.031304183530599,0.06922559655041882,0.011540754807622877,0.016517931944342902,0.0,0.0,0.0,0.0
3571,-0.007300537939343317,0.09120433748375605,0.1385661286915041,0.038975607962066144,0.03179134992036588,0.0,0.0,0.0,0.0
3572,-0.007821269187147461,0.08510397683162713,-0.139339562930206,0.01206515394199532,0.01667204242969012,0.0,0.0,0.0,0.0
3573,-0.008327567102317102,0.11560468707906271,0.07174505379511312,0.03889242922986349,0.030792534101966636,0.0,0.0,0.0,0.0
3574,-0.00881849736510792,0.07974042649136776,-0.021405555028805534,0.012567287821299098,0.01679538480000188,0.0,0.0,0.0,0.0
3575,-0.00929315401516857,0.048296655842940905,-0.04343797522511756,0.03873748254703541,0.029736862602505527,0.0,0.0,0.0,0.0
3576,-0.009750661123393936,0.04251102998984642,0.1776776438777689,0.013046229946611056,0.01688773117893419,0.0,0.0,0.0,0.0
3577,-0.01019017440836232,0.01991023813705615,-0.006110133451829484,0.03851105455223817,0.028626286723897807,0.0,0.0,0.0,0.0
3578,-0.010610882794365341,0.03042108280540578,-0.17461698223380523,0.01350109661071144,0.016948912399044738,0.0,0.0,0.0,0.0
3579,-0.011012009908166151,0.04666302492949349,-0.04936239725430809,0.03821356356459543,0.027462881130667676,0.0,0.0,0.0,0.0
3580,-0.011392815511713623,-0.020182278340193732,0.15524007125433473,0.01393104852406573,0.016978816271661753,0.0,0.0,0.0,0.0
3581,-0.01175259686817341,-0.014578390265658506,0.17353235862496916,0.037845558806686254,0.026248801389007894,0.0,0.0,0.0,0.0
3582,-0.012090690038756423,0.05300166786545746,-0.005495676315449151,0.014335292359042247,0.01697738755763282,0.0,0.0,0.0,0.0
3583,-0.01240647110794814,0.05890516605182916,-0.04963805623968016,0.03740771938663809,0.024986282529777117,0.0,0.0,0.0,0.0
3584,-0.012699357334878418,0.03756429782451258,0.00951606304351229,0.014713082165279388,0.016944627976108743,0.0,0.0,0.0,0.0
3585,-0.012968808228708833,0.11718112352821514,-0.09533159891869329,0.03690085228398945,0.02367763875605729,0.0,0.0,0.0,0.0
3586,-0.013214326546052821,-0.058996151315565834,-0.09138209975553399,0.015063720419479813,0.0168805976761292,0.0,0.0,0.0,0.0
3587,-0.013435459208585451,0.07844765846626109,-0.07236390818082213,0.036325885858585254,0.022325293361487097,0.0,0.0,0.0,0.0
3588,-0.013631798139152187,-0.016101264686206138,0.03280322737037043,0.015386559559118359,0.016785416982142472,0.0,0.0,0.0,0.0
3589,-0.013802981014832507,0.0663664964861588,0.11457091933951066,0.035683875244297,0.02093178230261969,0.0,0.0,0.0,0.0
3590,-0.013948691935568898,0.08192591374211448,0.10272611388483222,0.0156810038020439,0.016659262020284085,0.0,0.0,0.0,0.0
3591,-0.01406866200712736,0.06949171191649807,0.038024143865046794,0.034976007348986836,0.019499668731798224,0.0,0.0,0.0,0.0
3592,-0.014162669837313248,-0.009644817293167324,-0.011299053407812416,0.015946509902593328,0.01650236591636574,0.0,0.0,0.0,0.0
3593,-0.014230541944527832,0.10361711439961813,-0.025747583530949053,0.03420359186812923,0.018031578571157926,0.0,0.0,0.0,0.0
3594,-0.014272153077910063,-0.03347014234302825,-0.03829089766269688,0.01618258795973096,0.016315014225618152,0.0,0.0,0.0,0.0
3595,-0.014287426448474087,0.019748275629547403,0.13604213001377674,0.033368054311039334,0.01653019127210131,0.0,0.0,0.0,0.0
3596,-0.014276333870815082,-0.03265479871375462,-0.06688310372100519,0.01638880414654651,0.016097549552704954,0.0,0.0,0.0,0.0
3597,-0.01423889581512266,-0.02006734552671998,0.03581221726550332,0.03247096003154396,0.014998280624697298,0.0,0.0,0.0,0.0
3598,-0.014175181369405139,0.05018629694807245,0.20955674968005775,0.016564774805277536,0.015850380125469053,0.0,0.0,0.0,0.0
3599,-0.014085308111995048,-0.043668767828464766,0.06908542140259115,0.031513920284588784,0.013438706787607084,0.0,0.0,0.0,0.0
3600,-0.01396944189457041,-0.029798285555419607,-0.017035359760758026,0.016710177637456303,0.01557395806976053,0.0,0.0,0.0,0.0
3601,-0.013827796536093081,0.07328389830415664,0.04016806302607464,0.03049873876637298,0.011854297563971397,0.0,0.0,0.0,0.0
3602,-0.01366063342822774,0.0419097798754698,0.24906733419788726,0.016824742456332913,0.015268796697897984,0.0,0.0,0.0,0.0
3603,-0.013468261052971966,0.07909210910501999,0.19017052921510214,0.02942726375722223,0.010248005085311419,0.0,0.0,0.0,0.0
3604,-0.013251034413384035,-0.08984571532242132,0.16337705929295726,0.01690825904795686,0.014935464052966313,0.0,0.0,0.0,0.0
3605,-0.013009354378462314,-0.012886752702540416,0.12079342502837484,0.02830148091638386,0.008622899471508131,0.0,0.0,0.0,0.0
3606,-0.012743666943384087,0.023428289840510687,0.05783945244149638,0.016960573372500894,0.01457457234784166,0.0,0.0,0.0,0.0
3607,-0.012454462406467439,0.04104994579253779,0.041980534410717946,0.027123465394706527,0.006981901956047297,0.0,0.0,0.0,0.0
3608,-0.012142274464376936,0.13817602936121937,0.09010404627656537,0.016981588804094276,0.014186785615936094,0.0,0.0,0.0,0.0
3609,-0.011807679227243116,-0.016160364940086314,-0.09154024582992104,0.02589540700189515,0.005328002711263215,0.0,0.0,0.0,0.0
3610,-0.01145129415551179,-0.028087866866504965,-0.1717213682315273,0.016971266827455724,0.013772817920980625,0.0,0.0,0.0,0.0
3611,-0.011073776920484326,-0.023463403339543203,-0.12099994022143953,0.024619569838369788,0.003664239426094496,0.0,0.0,0.0,0.0
3612,-0.01067582419065508,-0.051563333506229186,-0.0928033897803378,0.016929625658238884,0.013333430525892493,0.0,0.0,0.0,0.0
3613,-0.01025817034608247,0.09242213769808293,0.024791551640159403,0.023298305614452623,0.001993652146846351,0.0,0.0,0.0,0.0
3614,-0.009821586123167546,-0.04034369246065791,0.031028877850914578,0.01685674147448122,0.012869431087410024,0.0,0.0,0.0,0.0
3615,-0.009366877192340724,-0.04356562731675731,-0.09437431896185317,0.02193404898508237,0.00031929404266573143,0.0,0.0,0.0,0.0
3616,-0.008894882671281142,-0.0418396988702952,0.018331389993604126,0.016752749165321178,0.012381688130197572,0.0,0.0,0.0,0.0
3617,-0.00840647357641415,0.042389227086515824,0.09030584101252856,0.02052931927521369,-0.0013555255604386209,0.0,0.0,0.0,0.0
3618,-0.007902551215539936,0.012804814832704629,-0.11821564930050771,0.0166178388823374,0.011871092577320577,0.0,0.0,0.0,0.0
3619,-0.007384045524565996,0.10463390970412248,0.03588146973947183,0.019086702262303294,-0.003027902776546727,0.0,0.0,0.0,0.0
3620,-0.006851913351405842,-0.024086654703302318,0.12855876036505523,0.016452265862984414,0.011338600210392692,0.0,0.0,0.0,0.0
3621,-0.006307136690219922,0.02303246920172724,-0.0478609304063798,0.01760887071622047,-0.004694646409631291,0.0,0.0,0.0,0.0
3622,-0.005750720869244833,0.11840529469949548,0.05509722314191844,0.016256332420926504,0.010785178397929715,0.0,0.0,0.0,0.0
3623,-0.005183692695566778,-0.04772445830954122,-0.05779874483763317,0.01609854148537622,-0.006352735073681905,0.0,0.0,0.0,0.0
3624,-0.004607098560257852,0.027223923882854925,-0.08784524995827006,0.016030399726731533,0.010211851750764228,0.0,0.0,0.0,0.0
3625,-0.004022002507369117,-0.046118387907619046,0.11481365442748905,0.014558500776334311,-0.007999049654359144,0.0,0.0,0.0,0.0
3626,-0.0034294842703487603,0.003982731652989015,-0.11069393831671473,0.01577488405119697,0.009619679793215895,0.0,0.0,0.0,0.0
3627,-0.0028306372795087126,-0.0587327818934302,-0.1361823044863835,0.01299158468177042,-0.009630644304085091,0.0,0.0,0.0,0.0
3628,-0.002226566644213649,0.01670499214348787,0.13630417507428125,0.015490256964945633,0.00900975427095828,0.0,0.0,0.0,0.0
3629,-0.0016183871135154752,0.06339185008439521,-0.27785735608909307,0.01140068498785005,-0.011244485809824597,0.0,0.0,0.0,0.0
3630,-0.0010072210190019489,-0.023925847032856124,0.24041656608702902,0.015177042769515574,0.008383201083353458,0.0,0.0,0.0,0.0
3631,-0.0003941962036525781,0.04471563446588632,0.1421599608824298,0.00978873086506361,-0.01283758968294276,0.0,0.0,0.0,0.0
3632,0.00021955605947942094,0.08930048049045926,-0.09812413121094107,0.014835819029119695,0.007741178351272846,0.0,0.0,0.0,0.0
3633,0.0008329031549129993,-0.04506118451771232,0.17644080005951807,0.008158691974769322,-0.014406981902411842,0.0,0.0,0.0,0.0
3634,0.0014447132148608208,0.0562985336907941,-0.03369759873408806,0.014467212454301104,0.007084874079469695,0.0,0.0,0.0,0.0
3635,0.002053857207972653,0.04552874146681897,0.05993337227248663,0.006513548319522839,-0.01594979814509775,0.0,0.0,0.0,0.0
3636,0.0026592110228464277,0.025285760546440654,-0.12670132854115285,0.014071901434684009,0.006415500736606922,0.0,0.0,0.0,0.0
3637,0.0032596575424564066,0.06908053768789452,-0.01334242235208443,0.00485630912965336,-0.017463143731433362,0.0,0.0,0.0,0.0
3638,0.0038540887056759884,0.04522942255501703,0.09856511818162586,0.013650615287609205,0.0057342788390777446,0.0,0.0,0.0,0.0
3639,0.004441407552088397,-0.0017761503932135552,0.08958489024109036,0.003190037496763395,-0.01894428760138081,0.0,0.0,0.0,0.0
3640,0.00502053024631217,0.010319793712317362,-0.10817037301145206,0.013204135072393465,0.005042478874735389,0.0,0.0,0.0,0.0
3641,0.005590388078106143,0.021238697795612063,-0.09805770386954289,0.001517896287310744,-0.02039047721050825,0.0,0.0,0.0,0.0
3642,0.006149929434560707,-0.0717500195580715,0.17855264210061753,0.012733291094286777,0.004341376789667287,0.0,0.0,0.0,0.0
3643,0.006698121740741482,-0.07016010948591603,-0.16865224297107598,-0.00015692270528255966,-0.021799033162036772,0.0,0.0,0.0,0.0
3644,0.007233953365196287,0.08163157555314071,-0.018917719186322096,0.012238957293038415,0.003632263065187301,0.0,0.0,0.0,0.0
3645,0.007756435486817093,0.10972747442635157,0.10285975985029003,-0.0018313076871227822,-0.023167358344148486,0.0,0.0,0.0,0.0
3646,0.008264603919602261,0.012098411560837189,-0.020472047041841523,0.011722044447574307,0.002916437937370691,0.0,0.0,0.0,0.0
3647,0.008757520891964255,-0.03463489378448789,-0.07650313961530536,-0.0035023311413727846,-0.02449293231859497,0.0,0.0,0.0,0.0
3648,0.009234276777287394,0.010404387143854124,0.12638839855141742,0.011183493267920662,0.002195229845816612,0.0,0.0,0.0,0.0
3649,0.009693991772547544,0.11297303094382782,0.06159047874306434,-0.0051669060275540525,-0.02577332076868171,0.0,0.0,0.0,0.0
3650,0.010135817521898006,0.06548798893474511,0.14193919422115608,0.010624310145601577,0.0014699731128561063,0.0,0.0,0.0,0.0
3651,0.010558938682221202,-0.08046570003467929,-0.08965245382948575,-0.006821947392940557,-0.02700613751416233,0.0,0.0,0.0,0.0
3652,0.01096257442775779,0.027434255951081607,-0.0011607622562782261,0.010045524779952287,0.0007420050993576778,0.0,0.0,0.0,0.0
3653,0.0113459798910389,-0.023186699875148126,-0.11275650526836777,-0.008464376708523985,-0.02818906413411836,0.0,0.0,0.0,0.0
3654,0.011708447537462276,0.03388395110911428,-0.14932428490730532,0.009448196946943266,1.2667179104117258e-05,0.0,0.0,0.0,0.0
3655,0.0120493084709724,-0.026725162481930277,-0.10654396873903685,-0.010091178753238941,-0.029319981651633322,0.0,0.0,0.0,0.0
3656,0.01236793366843722,0.059139046906352556,-0.07786001392608694,0.008833431957119275,-0.0007166932889760576,0.0,0.0,0.0,0.0
3657,0.012663735140446617,0.054876904981592214,-0.09713771092976196,-0.01169936266477986,-0.03039680739459021,0.0,0.0,0.0,0.0
3658,0.012936167016383055,0.14722114977206663,-0.008658333058067657,0.00820236522725424,-0.0014447324483957001,0.0,0.0,0.0,0.0
3659,0.013184726551769855,-0.03564853474832592,0.0430684814411009,-0.013285993464156395,-0.03141756045309095,0.0,0.0,0.0,0.0
3660,0.013408955056032562,-0.04271730811952481,0.0810797967394725,0.007556165207232631,-0.002170105440239221,0.0,0.0,0.0,0.0
3661,0.01360843873896534,-0.058171746190115746,-0.23929772197844973,-0.01484809362929373,-0.0323803327230108,0.0,0.0,0.0,0.0
3662,0.013782809474336634,0.059736292520695226,-0.13112517030506282,0.006896022736283313,-0.00289147286837197,0.0,0.0,0.0,0.0
3663,0.013931745479228267,0.0016788166149489109,-0.036079522595667435,-0.016382770176135455,-0.03328333800550289,0.0,0.0,0.0,0.0
3664,0.014054971907851025,0.08497634275053975,0.12205906088617612,0.006223151783594127,-0.003607504953399113,0.0,0.0,0.0,0.0
3665,0.01415226135874482,0.05924652683935459,-0.06612599847430412,-0.017887229154334293,-0.034124939315165255,0.0,0.0,0.0,0.0
3666,0.014223434294423767,-0.05603922886223865,-0.036529795823354624,0.005538796787955037,-0.004316879884502612,0.0,0.0,0.0,0.0
3667,0.014268359372693724,-0.0481283035184283,-0.07115306158861717,-0.019358701730672303,-0.03490354104637831,0.0,0.0,0.0,0.0
3668,0.014286953689030843,0.07227703643593614,-0.09585573944555636,0.004844219987026515,-0.005018287987567868,0.0,0.0,0.0,0.0
3669,0.014279182929572974,-0.1208013898133369,0.04134964738429826,-0.02079445803006574,-0.035617756046083845,0.0,0.0,0.0,0.0
3670,0.014245061434442298,0.05376320234008174,-0.1865543733447018,0.004140703797079592,-0.005710434092366231,0.0,0.0,0.0,0.0
3671,0.014184652171282272,-0.0070942593652005385,-0.09391375319833284,-0.022191836986672996,-0.036266219828773406,0.0,0.0,0.0,0.0
3672,0.0140980666190573,0.10130568579028301,-0.044284791873504106,0.003429546862176535,-0.006392042800185151,0.0,0.0,0.0,0.0
3673,0.013985464562329972,0.06935564847644518,0.08475011004740149,-0.02354825693692702,-0.0368477736982497,0.0,0.0,0.0,0.0
3674,0.013847053796395704,0.025862603723898845,-0.14392394432340633,0.0027120580150927264,-0.007061855550041454,0.0,0.0,0.0,0.0
3675,0.01368308974381797,-0.15731974161642523,-0.1435402171912054,-0.024861270399691583,-0.03736133016940132,0.0,0.0,0.0,0.0
3676,0.013493874983072548,0.0634247702277149,-0.05936699466033239,0.001989567681108392,-0.007718636527113808,0.0,0.0,0.0,0.0
3677,0.013279758690171095,0.01855699983506252,-0.09194849194136501,-0.02612834234793922,-0.037805940912776496,0.0,0.0,0.0,0.0
3678,0.013041135994293577,0.04056231822322443,0.06267117152486351,0.0012634014587638875,-0.008361173388258753,0.0,0.0,0.0,0.0
3679,0.012778447248618022,0.054508630270862765,-0.12169640913116919,-0.02734727340855451,-0.03818078366919569,0.0,0.0,0.0,0.0
3680,0.012492177217695232,0.02390510166616584,-0.04291981721729396,0.0005349053230336872,-0.008988277398542379,0.0,0.0,0.0,0.0
3681,0.012182854182867462,-0.0830957190994996,-0.0489980557098472,-0.028515698361333015,-0.03848518779377791,0.0,0.0,0.0,0.0
3682,0.011851048967378593,-0.05241892538882981,0.00851002640327081,-0.0001945780219806274,-0.009598795160019928,0.0,0.0,0.0,0.0
3683,0.011497373882981625,-0.052092869289825434,-0.13241806123200403,-0.029631499981133146,-0.038718520673468586,0.0,0.0,0.0,0.0
3684,0.011122481599980263,-0.02134481307896963,0.012652078909943163,-0.0009237004733352164,-0.010191601904609614,0.0,0.0,0.0,0.0
3685,0.010727063942795483,-0.08276636278976801,0.08136778904042591,-0.03069261928962468,-0.03888043255093052,0.0,0.0,0.0,0.0
3686,0.010311850613274564,-0.005323899529262408,-0.009084673657033287,-0.001651120220266266,-0.01076560083340679,0.0,0.0,0.0,0.0
3687,0.009877607844104084,-0.11797476277404992,0.02594993792275095,-0.031697091462632464,-0.038970600246758205,0.0,0.0,0.0,0.0
3688,0.009425136984806072,0.0024935647244585077,-0.10428005518542074,-0.0023754936126062737,-0.011319733424632215,0.0,0.0,0.0,0.0
3689,0.0089552730229344,-0.04990908863670545,-0.005471282897879952,-0.03264307618256597,-0.03898885184024633,0.0,0.0,0.0,0.0
3690,0.0084688830431898,-0.005878973358790968,0.06682180714380728,-0.003095483970955483,-0.011852975835004116,0.0,0.0,0.0,0.0
3691,0.007966864627307066,-0.012866560345498781,-0.07207115932221769,-0.03352883330273014,-0.03893514253727075,0.0,0.0,0.0,0.0
3692,0.007450144197663059,0.06806147770288518,0.13090066021836239,-0.0038097543964436473,-0.012364343657739434,0.0,0.0,0.0,0.0
3693,0.006919675307659313,0.007860888643006304,-0.15525655927965734,-0.03435272074671752,-0.03880957458737269,0.0,0.0,0.0,0.0
3694,0.00637643688204084,-0.035886504544335555,-0.0601732323090002,-0.00451699468852848,-0.012852887695964543,0.0,0.0,0.0,0.0
3695,0.005821431410390957,-0.0022285688856949135,0.13344211200956765,-0.03511319688426805,-0.03861241340755799,0.0,0.0,0.0,0.0
3696,0.005255683097145459,0.04897937032951514,-0.04135968666517208,-0.0052159007433821075,-0.013317712906858258,0.0,0.0,0.0,0.0
3697,0.004680235971527024,-0.017855014984320166,-0.013333290640853122,-0.03580888129381417,-0.03834397891231267,0.0,0.0,0.0,0.0
3698,0.004096151960900129,-0.011832139543834753,-0.1467427259308822,-0.005905181492716158,-0.013757961727175689,0.0,0.0,0.0,0.0
3699,0.003504508931096569,-0.12473562590780451,0.056439242571121914,-0.03643848180448093,-0.03800479053797272,0.0,0.0,0.0,0.0
3700,0.0029063986973251075,0.017993715713423168,0.145986112833514,-0.006583565355176487,-0.0141728220266816,0.0,0.0,0.0,0.0
3701,0.0023029250093408752,-0.03583529341296962,-0.18415588437851185,-0.03700084050651476,-0.03759547898758447,0.0,0.0,0.0,0.0
3702,0.0016952015145924582,0.008908828472026642,-0.0588808123056066,-0.007249800465282218,-0.014561527251750316,0.0,0.0,0.0,0.0
3703,0.0010843497031022698,-0.06245666333266142,-0.06733596910828446,-0.03749491976556659,-0.037116782027641834,0.0,0.0,0.0,0.0
3704,0.0004714968378722258,-0.026297059232299552,-0.1937863988067885,-0.007902660855268879,-0.014923362753484019,0.0,0.0,0.0,0.0
3705,-0.00014222612536079183,-0.037841853652094186,-0.06400146248989455,-0.03791979632858388,-0.03656959650367932,0.0,0.0,0.0,0.0
3706,-0.0007556866251835979,-0.08561906071812597,-0.11089470137471488,-0.008540940452677542,-0.015257659172557132,0.0,0.0,0.0,0.0
3707,-0.0013677525845341599,-0.0031601298719111034,-0.14814118807734847,-0.03827467672940718,-0.03595492559625724,0.0,0.0,0.0,0.0
3708,-0.0019772944998271186,-0.08468925150117758,-0.008301163406466437,-0.009163457907312019,-0.015563799034131107,0.0,0.0,0.0,0.0
3709,-0.0025831875253367145,-0.0864484100582702,-0.15488025042504247,-0.03855894843184531,-0.03527389806088911,0.0,0.0,0.0,0.0
3710,-0.003184313548979689,-0.01653002053563119,0.20867372938392947,-0.00976906466745951,-0.015841233007043976,0.0,0.0,0.0,0.0
3711,-0.0037795632556763604,-0.018949252665673155,-0.1086334591052919,-0.038772052694401156,-0.03452780499971848,0.0,0.0,0.0,0.0
3712,-0.00436783817447336,-0.02921383812344497,0.020553457443693367,-0.010356642978654544,-0.01608942353130793,0.0,0.0,0.0,0.0
3713,-0.004948052705658991,-0.058422521787323475,0.02483809539396037,-0.038913601386816946,-0.03371790978410663,0.0,0.0,0.0,0.0
3714,-0.005519136124119868,0.04865197757961458,-0.012812053703777034,-0.010925109761244214,-0.016307924165135605,0.0,0.0,0.0,0.0
3715,-0.006080034555255765,0.015459589231346334,-0.032612864145871834,-0.03898335175006545,-0.0328458369458227,0.0,0.0,0.0,0.0
3716,-0.006629712919793177,0.01655009522632031,-0.05130552858344578,-0.01147341698543348,-0.016496336643970797,0.0,0.0,0.0,0.0
3717,-0.007167156843914583,-0.004183885688504724,0.17401481480641032,-0.038981187386872,-0.03191322251965534,0.0,0.0,0.0,0.0
3718,-0.00769137453118086,0.025607422395580365,0.04525181878239147,-0.012000552253273344,-0.016654303637595694,0.0,0.0,0.0,0.0
3719,-0.008201398592787597,-0.043969892813653794,-0.14004059111734696,-0.03890709498412275,-0.030921669159592276,0.0,0.0,0.0,0.0
3720,-0.008696287832778352,0.008647449923682575,0.13958758023487544,-0.01250554067571148,-0.01678153802803073,0.0,0.0,0.0,0.0
3721,-0.009175128984923264,-0.021902251303922742,-0.036354943494138106,-0.038761179920046164,-0.02987306809360099,0.0,0.0,0.0,0.0
3722,-0.00963703839805777,-0.04773562712480569,0.027572998609164127,-0.012987447423995704,-0.016877803599689777,0.0,0.0,0.0,0.0
3723,-0.010081163666767203,-0.06837364511984297,0.050553307563917196,-0.03854373197300866,-0.028769316442840823,0.0,0.0,0.0,0.0
3724,-0.010506685204410829,0.022050025294577315,0.08769794874600861,-0.01344538256897883,-0.016942919492664042,0.0,0.0,0.0,0.0
3725,-0.010912817755584584,-0.09285892156139511,0.17283448698709108,-0.03825515812074054,-0.02761244600152058,0.0,0.0,0.0,0.0
3726,-0.011298811845227526,0.04879983704430697,-0.044911994950496685,-0.013878504044075469,-0.01697676660161187,0.0,0.0,0.0,0.0
3727,-0.011663955161698419,-0.047484656128661124,-0.038676199196889464,-0.03789598635040274,-0.026404613133680376,0.0,0.0,0.0,0.0
3728,-0.01200757387127237,-0.10214802922629124,0.05298845001764426,-0.014286017764257308,-0.016979284789820352,0.0,0.0,0.0,0.0
3729,-0.012329033861631514,-0.046563015017241485,0.04320029977715638,-0.03746689701694587,-0.025148064175219958,0.0,0.0,0.0,0.0
3730,-0.012627741912052064,-0.0681316140746783,-0.08163792561643593,-0.014667168870440473,-0.01695047032719265,0.0,0.0,0.0,0.0
3731,-0.012903146788130274,0.028921130639904896,-0.05799247454585607,-0.03696865446533948,-0.02384511721419954,0.0,0.0,0.0,0.0
3732,-0.01315474025902968,0.0641140767222096,-0.05480406074179721,-0.015021253848043056,-0.016890375728246396,0.0,0.0,0.0,0.0
3733,-0.013382058035365926,-0.10083420724549293,-0.10109603127407886,-0.03640219214064222,-0.022498167670936774,0.0,0.0,0.0,0.0
3734,-0.013584680626005267,-0.06612345676286636,-0.17915793163504493,-0.015347624163507972,-0.016799109421379663,0.0,0.0,0.0,0.0
3735,-0.013762234112190764,-0.006060927653024812,-0.02325450333630079,-0.035768532004394483,-0.021109666879456652,0.0,0.0,0.0,0.0
3736,-0.013914390837570978,0.0360986805296275,0.07801045181821092,-0.015645674445469805,-0.016676839760477964,0.0,0.0,0.0,0.0
3737,-0.014040870012854801,-0.10660995053858621,-0.06088662886349046,-0.035068890752740466,-0.01968218557511513,0.0,0.0,0.0,0.0
3738,-0.014141438233979184,-0.0014585730151566896,0.09636451339736216,-0.015914851216822075,-0.016523797920718484,0.0,0.0,0.0,0.0
3739,-0.014215909912831124,0.05601073000146565,-0.18975407375052877,-0.03430452042862655,-0.018218456481751456,0.0,0.0,0.0,0.0
3740,-0.014264147619731823,-0.022264670846518255,0.05531711352119631,-0.016154658209667046,-0.016340264933940144,0.0,0.0,0.0,0.0
3741,-0.014286062337048395,-0.03854871090535652,-0.11233949507808111,-0.03347684022357355,-0.016721131957161024,0.0,0.0,0.0,0.0
3742,-0.014281613623466617,-0.0007220701203414157,0.06761964273150022,-0.016364653760678683,-0.016126575439888744,0.0,0.0,0.0,0.0
3743,-0.01425080968862124,-0.04087301199194726,-0.07425480875891761,-0.03258736596167512,-0.015192901140325924,0.0,0.0,0.0,0.0
3744,-0.014193707377945801,-0.023836885830304213,-0.06265366178191814,-0.016544449804493728,-0.01588312229217833,0.0,0.0,0.0,0.0
3745,-0.014110412067770419,-0.06951762417781529,-0.040220505114051675,-0.03163775102246189,-0.01363657662493548,0.0,0.0,0.0,0.0
3746,-0.014001077470860985,-0.03852584458391159,-0.01222727846105335,-0.016693714407168006,-0.015610359185987757,0.0,0.0,0.0,0.0
3747,-0.013865905352758046,-0.06044437693526654,0.01678285676508428,-0.030629756377645697,-0.01205512618975959,0.0,0.0,0.0,0.0
3748,-0.013705145159439738,0.10969578380047514,-0.05973983695035788,-0.016812172845035566,-0.01530879398797922,0.0,0.0,0.0,0.0
3749,-0.013519093556995897,0.10536732425010922,-0.08627519154829705,-0.02956524652626263,-0.010451521728791324,0.0,0.0,0.0,0.0
3750,-0.01330809388416073,0.018744609720769904,-0.09924037577919557,-0.016899605355330624,-0.014978978081155938,0.0,0.0,0.0,0.0
3751,-0.013072535518718315,0.0630401526345626,-0.13393517794376208,-0.028446184547664444,-0.008828609436203264,0.0,0.0,0.0,0.0
3752,-0.012812853158945953,0.029749816404480715,0.007896014460217489,-0.016955849886969045,-0.014621512463891324,0.0,0.0,0.0,0.0
3753,-0.012529526021424861,-0.04000516493190269,-0.020627511542713944,-0.02727463157569893,-0.007189268579891219,0.0,0.0,0.0,0.0
3754,-0.012223076956695179,-0.0037722257266885224,0.004606859468184097,-0.01698080336939743,-0.014237067077092349,0.0,0.0,0.0,0.0
3755,-0.011894071484390518,-0.004715614572435887,-0.02208692691052814,-0.02605275083796508,-0.005536737559348848,0.0,0.0,0.0,0.0
3756,-0.011543116749631717,-0.02252732100155568,-0.056685358411535554,-0.016974417813215983,-0.013826349076196988,0.0,0.0,0.0,0.0
3757,-0.011170860402601892,0.06627751806184838,-0.09948379776876302,-0.02478279122704065,-0.0038740000132527408,0.0,0.0,0.0,0.0
3758,-0.01077798940337815,-0.12514715167299353,-0.16477489055609867,-0.016936710244564585,-0.013390116351973413,0.0,0.0,0.0,0.0
3759,-0.010365228754217352,0.02944432559525825,-0.023749411700592027,-0.02346710786275653,-0.002204120044854487,0.0,0.0,0.0,0.0
3760,-0.009933340161641751,-0.039875272642563395,0.009235377009034146,-0.016867750088725344,-0.012929173640132,0.0,0.0,0.0,0.0
3761,-0.009483120630787805,-0.06401386207037249,-0.05531020823330444,-0.022108124999852874,-0.0005301740437612484,0.0,0.0,0.0,0.0
3762,-0.009015400994618103,-0.11541803936864539,-0.012476659653563545,-0.01676766280642655,-0.012444370530040286,0.0,0.0,0.0,0.0
3763,-0.008531044380704369,-0.009659843437029443,0.17351111828880356,-0.020708346620579063,0.0011447645505054931,0.0,0.0,0.0,0.0
3764,-0.008030944618419128,-0.0022107308259929157,0.11153199135931714,-0.016636632957883594,-0.011936602664939847,0.0,0.0,0.0,0.0
3765,-0.007516024589464116,0.009127305829632632,0.054902725514314965,-0.019270352753115023,0.0028175909032472184,0.0,0.0,0.0,0.0
3766,-0.0069872345247900475,-0.0240418324174894,0.17769953494673946,-0.016474902427618093,-0.011406806621656898,0.0,0.0,0.0,0.0
3767,-0.006445550251046061,-0.006160946113914432,0.07900811389418247,-0.01779679821438193,0.004485220747380435,0.0,0.0,0.0,0.0
3768,-0.005891971389792176,-0.015016812546648228,-0.03052161911986042,-0.016282769208517265,-0.010855963371090878,0.0,0.0,0.0,0.0
3769,-0.005327519512802383,-0.04178777231387376,-0.12611125589649397,-0.01629039741817224,0.006144504056806062,0.0,0.0,0.0,0.0
3770,-0.0047532362568624585,-0.06902646892714122,0.10186986238397297,-0.016060588039849423,-0.010285086148601363,0.0,0.0,0.0,0.0
3771,-0.004170181401538504,-0.04974950734513537,-0.07556574530173432,-0.014753932653349807,0.007792490757998042,0.0,0.0,0.0,0.0
3772,-0.0035794309134629114,-0.097295148255887,-0.1558618333522036,-0.015808769191331066,-0.009695227026324228,0.0,0.0,0.0,0.0
3773,-0.0029820749607518066,-0.15823025454141057,-0.0856711028330977,-0.013190246127811622,0.009426129017320047,0.0,0.0,0.0,0.0
3774,-0.002379215901215652,-0.08860683938738004,-0.11921520078023683,-0.015527778513953804,-0.009087478465131254,0.0,0.0,0.0,0.0
3775,-0.0017719662480694654,0.007668124141216011,-0.02070752471866495,-0.01160223979299911,0.011042369119575967,0.0,0.0,0.0,0.0
3776,-0.0011614466169102325,-0.07021028978751859,-0.08348462620940869,-0.015218136742554404,-0.008462959392804096,0.0,0.0,0.0,0.0
3777,-0.0005487836577358755,0.04395386929569919,0.13753764016894335,-0.00999286612289422,0.012638232695853032,0.0,0.0,0.0,0.0
3778,6.489202416723175e-05,-0.033323636334833005,0.042126737582691795,-0.014880414723731679,-0.007822822107488173,0.0,0.0,0.0,0.0
3779,0.000678447954640265,-0.047193361778889366,-0.08775710968001796,-0.008365078355227819,0.014210722769292068,0.0,0.0,0.0,0.0
3780,0.001290751880513115,-0.021647021019607263,-0.157667100405944,-0.014515233723276797,-0.007168247952509359,0.0,0.0,0.0,0.0
3781,0.001900673859057337,-0.08577534127211797,0.017456559918490343,-0.006721836679109644,0.015757031565140446,0.0,0.0,0.0,0.0
3782,0.0025070883431810853,-0.0018956537698557128,-0.09245563600409061,-0.014123265682929598,-0.006500444149102118,0.0,0.0,0.0,0.0
3783,0.0031088762585042727,-0.059997514288845824,-0.060229163169478024,-0.005066148050026655,0.017274279347649003,0.0,0.0,0.0,0.0
3784,0.003704927068495476,0.03807595862241829,-0.22394026587898946,-0.013705231297233127,-0.005820644647167259,0.0,0.0,0.0,0.0
3785,0.004294140823848748,0.007330361736177911,0.02999510987365546,-0.0034010477530685996,0.018759637868501797,0.0,0.0,0.0,0.0
3786,0.004875430192327153,-0.04123322244818049,0.10613926926506827,-0.013261896814689578,-0.005130103206990426,0.0,0.0,0.0,0.0
3787,0.005447722465318507,-0.05382822245013437,0.03657130431833801,-0.0017295510568184117,0.020210381560679114,0.0,0.0,0.0,0.0
3788,0.00600996153740897,-0.02937506331091151,-0.08818864320755407,-0.012794093835996206,-0.00443009654957416,0.0,0.0,0.0,0.0
3789,0.006561109855311167,-0.030790129441231846,-0.08841486348806141,-5.4985015336455104e-05,0.021623829411238218,0.0,0.0,0.0,0.0
3790,0.007100150332563792,0.047885457206026924,-0.12181383530296395,-0.012302680526351058,-0.0037219140918215263,0.0,0.0,0.0,0.0
3791,0.007626088226456552,0.06023849147849945,-0.11698604889934947,0.0016196800079395334,0.022997368294609848,0.0,0.0,0.0,0.0
3792,0.00813795297372259,-0.06334408785120853,-0.18909279598721448,-0.011788564131830768,-0.0030068610153964523,0.0,0.0,0.0,0.0
3793,0.00863479998161304,0.08657888090210909,-0.07994402257181892,0.0032913483431606353,0.024328468748536915,0.0,0.0,0.0,0.0
3794,0.009115712371043857,-0.037272572137543036,-0.16901483246724167,-0.011252693467510354,-0.0022862606772275688,0.0,0.0,0.0,0.0
3795,0.009579802668598768,-0.03531313556911771,0.03341857376238004,0.004956936388991081,0.025614672800806124,0.0,0.0,0.0,0.0
3796,0.01002621444426856,-0.02244581748767313,-0.18028665634134564,-0.01069605745176037,-0.0015614428972430166,0.0,0.0,0.0,0.0
3797,0.010454123891904418,-0.011725230570121505,-0.08646728157433269,0.006613371933780807,0.02685354345215031,0.0,0.0,0.0,0.0
3798,0.010862741349464864,-0.021364347512719296,-0.1456571703070569,-0.010119683280591549,-0.0008337438004821868,0.0,0.0,0.0,0.0
3799,0.0112513127562533,0.04239636795604016,-0.08513790288535217,0.008257599808135061,0.02804288619413222,0.0,0.0,0.0,0.0
3800,0.011619121044460633,0.04048336930888159,0.0090411333719223,-0.00952463453201548,-0.0001045087907620522,0.0,0.0,0.0,0.0
3801,0.011965487462436126,0.0372853783577387,0.027822991757947172,0.009886587505807077,0.02918052304201715,0.0,0.0,0.0,0.0
3802,0.012289772827253973,-0.03428227328881801,-0.05001490783088423,-0.008912009203722244,0.0006249230297640008,0.0,0.0,0.0,0.0
3803,0.012591378704257295,0.07006854736806584,0.20790407633062755,0.011497330762238876,0.030264305744030582,0.0,0.0,0.0,0.0
3804,0.012869748511407868,0.040845115195910844,-0.013346932362906492,-0.008282937687680137,0.001353203544230338,0.0,0.0,0.0,0.0
3805,0.013124368546399076,0.010641757785995618,0.07324259310607843,0.013086859080459829,0.03129223554943829,0.0,0.0,0.0,0.0
3806,0.013354768934639908,-0.06460233060822207,-0.00026641762338342574,-0.007638580685370927,0.0020789871346216515,0.0,0.0,0.0,0.0
3807,0.013560524496359264,-0.06515184144935088,0.021932553145598402,0.014652241194175138,0.032262419707241065,0.0,0.0,0.0,0.0
3808,0.013741255531230677,-0.060502471721272766,0.05689905589650869,-0.0069801271284369824,0.0028009306068672384,0.0,0.0,0.0,0.0
3809,0.01389662851906956,0.04868978669960218,0.08964979521402137,0.01619059038629254,0.03317301551898545,0.0,0.0,0.0,0.0
3810,0.01402635673530936,-0.040843923729035767,-0.013029696272974386,-0.00630879657011506,0.0035177060074878257,0.0,0.0,0.0,0.0
3811,0.014130200780122266,-0.012089822017523538,-0.006774363979874201,0.01769906543697676,0.0340223977126581,0.0,0.0,0.0,0.0
3812,0.014207969020206313,-0.03567880472620875,-0.09895231567976721,-0.005625819612606024,0.004227989153449836,0.0,0.0,0.0,0.0
3813,0.0142595179424243,0.031140995287187598,0.12162235037437183,0.019174850616796746,0.03480901344065603,0.0,0.0,0.0,0.0
3814,0.014284752418642403,0.0013936865092669722,-0.11643068913108473,-0.0049324615674983955,0.00493047151934504,0.0,0.0,0.0,0.0
3815,0.014283625881279322,0.022159776531294237,0.17157849537903747,0.020615267282929572,0.035531417505374134,0.0,0.0,0.0,0.0
3816,0.014256140409241669,-0.044351083872906406,-0.025430329721162923,-0.004230002672238674,0.005623850194458372,0.0,0.0,0.0,0.0
3817,0.01420234672408772,0.03704816202140419,0.08217681701853843,0.02201761413686026,0.03618825148580508,0.0,0.0,0.0,0.0
3818,0.014122344096426029,-0.044920364016128825,0.05434652493413078,-0.0035197356189965593,0.006306847703825632,0.0,0.0,0.0,0.0
3819,0.014016280162721759,-0.024266081056541683,-0.036672305978919684,0.02337937733258738,0.036778299260734115,0.0,0.0,0.0,0.0
3820,0.013884350652849266,-0.05733877266210956,-0.13787879290979466,-0.0028029751101058663,0.0069782150736083905,0.0,0.0,0.0,0.0
3821,0.013726799028893302,0.0468398394324062,0.20390567705584245,0.02469796161476064,0.03730047728565329,0.0,0.0,0.0,0.0
3822,0.01354391603586477,-0.020983539586350776,0.018133946937136127,-0.0020810418520220406,0.0076367004239533305,0.0,0.0,0.0,0.0
3823,0.013336039165161467,0.07519968253732581,-0.08493813650533619,0.025970974668582537,0.03775382051972799,0.0,0.0,0.0,0.0
3824,0.013103552031763716,-0.010489280049397526,0.020010647891450156,-0.001355266599765006,0.008281093626104363,0.0,0.0,0.0,0.0
3825,0.012846883666311681,0.0950804928392601,0.30404010782679614,0.027196088545044655,0.03813746074931253,0.0,0.0,0.0,0.0
3826,0.012566507723375727,0.0035362884915970207,0.26594370421472374,-0.0006269912912968591,0.008910207252014182,0.0,0.0,0.0,0.0
3827,0.012262941607375615,0.02073375309501442,0.06470880789628342,0.028370997292630522,0.03845072057459462,0.0,0.0,0.0,0.0
3828,0.01193674551776583,0.0296290374668268,-0.021243090674997134,0.00010243516240071215,0.009522877131389813,0.0,0.0,0.0,0.0
3829,0.011588521415244996,0.03917651239967466,-0.129732548728969,0.029493534585660685,0.03869304056019096,0.0,0.0,0.0,0.0
3830,0.011218911910901274,0.09630609770025197,-0.11803834799493297,0.0008316664120922272,0.010117971436149885,0.0,0.0,0.0,0.0
3831,0.01082859908034075,-0.07742090497144186,0.012354359202777544,0.03056163431808951,0.03886399000662276,0.0,0.0,0.0,0.0
3832,0.010418303204988382,0.11068065654662575,-0.05157010687781147,0.0015593697259150244,0.010694396917392882,0.0,0.0,0.0,0.0
3833,0.009988781442884126,0.05362894060012011,0.11035155924246492,0.031573332954215265,0.03896321718204917,0.0,0.0,0.0,0.0
3834,0.0095408264314268,-0.0054119220719306416,-0.09145988102486666,0.0022841998459734413,0.01125108594770755,0.0,0.0,0.0,0.0
3835,0.009075264824646042,0.007772300805337841,-0.009700978652964307,0.03252678933763648,0.03899050210022402,0.0,0.0,0.0,0.0
3836,0.008592955767697474,0.11562984782591633,-0.06398356085839164,0.0030048148279011857,0.011787013044039856,0.0,0.0,0.0,0.0
3837,0.008094789311400235,0.11348838818548808,0.11831913324155552,0.0334202325751833,0.03894582836244103,0.0,0.0,0.0,0.0
3838,0.0075816847697427565,-0.0035078152418386824,-0.16027877300739332,0.0037198842240703032,0.01230118737454036,0.0,0.0,0.0,0.0
3839,0.007054589023385232,0.08149484304799481,-0.08515368821102658,0.03425199295623336,0.03882928994478488,0.0,0.0,0.0,0.0
3840,0.0065144747722888745,-0.02192291360050385,-0.02124959402672469,0.004428084346930599,0.012792661932296947,0.0,0.0,0.0,0.0
3841,0.005962338740701051,0.07067057783184048,0.12664787954625079,0.03502055347337831,0.03864109821764028,0.0,0.0,0.0,0.0
3842,0.005399199837806643,-0.04452087464232391,0.15001282990509748,0.0051281141588479535,0.013260528547221987,0.0,0.0,0.0,0.0
3843,0.004826097277434246,-0.051447460162254224,0.008950727067488888,0.03572444228107112,0.038381597497882176,0.0,0.0,0.0,0.0
3844,0.004244088660299637,-0.06855497437308385,0.06751705174044671,0.005818682546437937,0.013703924378021958,0.0,0.0,0.0,0.0
3845,0.0036542480223122533,0.09790184455458129,-0.05470064186208807,0.036362428416904735,0.038051268658515915,0.0,0.0,0.0,0.0
3846,0.0030576638525564126,0.03517013259300486,-0.04822080675539618,0.006498512423038572,0.01412202932288887,0.0,0.0,0.0,0.0
3847,0.002455437084596437,0.012276147892209224,0.12771282595017405,0.03693330362852324,0.03765071602725576,0.0,0.0,0.0,0.0
3848,0.0018486790648202887,0.06347886218551164,-0.08594491481201114,0.007166351648367168,0.014514070957147433,0.0,0.0,0.0,0.0
3849,0.001238509501567903,0.107812884895039,-0.018451118148345734,0.03743605660167225,0.03718066844581572,0.0,0.0,0.0,0.0
3850,0.0006260543988227635,0.010773280295195295,0.17217459626168496,0.007820966920514281,0.01487932677984785,0.0,0.0,0.0,0.0
3851,1.244397829357969e-05,0.04649160611030547,0.13974062872294046,0.03786973497806795,0.03664199851369321,0.0,0.0,0.0,0.0
3852,-0.0006011894062938519,-0.007598627583853794,0.03311563650785896,0.008461144298607918,0.015217129823107923,0.0,0.0,0.0,0.0
3853,-0.001213713358834754,0.04732480928746448,0.12664696357293237,0.038233516813203916,0.03603581306755399,0.0,0.0,0.0,0.0
3854,-0.0018239975305661441,-0.0073950482453638,0.06714011519049415,0.009085702926187999,0.015526850428915877,0.0,0.0,0.0,0.0
3855,-0.0024309157060053927,-0.01635889454321613,0.00642250473349338,0.038526719535361346,0.03536308013949137,0.0,0.0,0.0,0.0
3856,-0.0030333478812632803,-0.004439918790010589,0.028976259103694134,0.009693499584175133,0.015807918191218916,0.0,0.0,0.0,0.0
3857,-0.003630182330893799,0.04944311150915523,-0.10850883608502296,0.03874880607124862,0.03462508866209756,0.0,0.0,0.0,0.0
3858,-0.0042203176594669605,0.06159502358366791,-0.008675994548495977,0.010283409862239372,0.016059814247091034,0.0,0.0,0.0,0.0
3859,-0.004802664834079015,0.11584149151773573,-0.034722979800507474,0.03889938027681634,0.03382319930019304,0.0,0.0,0.0,0.0
3860,-0.005376149194047019,-0.0039352283850135825,-0.13072473649547947,0.010854345319195838,0.016282073754952883,0.0,0.0,0.0,0.0
3861,-0.00593971243408444,0.1175702991597371,0.027686355876030914,0.038978231805496207,0.03295889209805545,0.0,0.0,0.0,0.0
3862,-0.006492314557292595,-0.044335281685460984,0.07957113095716406,0.011405249402398633,0.01647428652634082,0.0,0.0,0.0,0.0
3863,-0.007032935794364445,0.03136091513890241,-0.0729610150789779,0.03898513744296557,0.03203376187815699,0.0,0.0,0.0,0.0
3864,-0.007560578485462051,0.008288851344459176,0.10508900077728381,0.011935098595091795,0.016636097817016082,0.0,0.0,0.0,0.0
3865,-0.00807426892129503,0.060003499890270866,0.16791416369827042,0.03892008194574383,0.031049515689269887,0.0,0.0,0.0,0.0
3866,-0.008573059139997891,0.029293804679983836,-0.1149000975335671,0.01244291923057306,0.01676720878261036,0.0,0.0,0.0,0.0
3867,-0.009056028676493046,0.0744957808379079,0.12319680036848443,0.038783239694391014,0.030007965528384993,0.0,0.0,0.0,0.0
3868,-0.009522286261115906,-0.0304749957182303,0.07725935679396333,0.012927779313763474,0.016867377747288432,0.0,0.0,0.0,0.0
3869,-0.009970971464356389,0.07757153148457646,0.020018206206296428,0.03857480306443365,0.028911040519548948,0.0,0.0,0.0,0.0
3870,-0.010401256284693313,-0.025745387404723333,-0.23445622429681534,0.013388788133933405,0.016936419873110672,0.0,0.0,0.0,0.0
3871,-0.010812346676582985,0.004323745035857682,0.048654731816183266,0.03829519311987186,0.027760761596610832,0.0,0.0,0.0,0.0
3872,-0.011203484015788736,0.039153207458545225,0.00924124005261826,0.01382509531277254,0.016974207465992458,0.0,0.0,0.0,0.0
3873,-0.011573946499341549,0.060204401195039545,0.06258484291808172,0.037944876979988384,0.026559249734823726,0.0,0.0,0.0,0.0
3874,-0.01192305047755088,0.09645499690091931,0.06060154061136808,0.01423588567579793,0.01698067239410744,0.0,0.0,0.0,0.0
3875,-0.01225015171561091,0.005534425704727647,0.04282757387144606,0.03752450979407621,0.025308732163028605,0.0,0.0,0.0,0.0
3876,-0.012554646582465977,0.029870119343179923,-0.02306341593270962,0.014620405167972127,0.01695580299281424,0.0,0.0,0.0,0.0
3877,-0.012835973164749803,0.028450972805093105,-0.057826128713044225,0.037034911706187675,0.024011517969595844,0.0,0.0,0.0,0.0
3878,-0.013093612303736754,-0.08312587111225644,0.17406948074236983,0.014977949500615255,0.016899643882421322,0.0,0.0,0.0,0.0
3879,-0.01332708855339598,0.02532505056901982,-0.09999296073370195,0.03647705846416539,0.02266999638559827,0.0,0.0,0.0,0.0
3880,-0.01353597105777648,-0.010136310243127148,0.0459758553100757,0.015307846530521823,0.016812299190860087,0.0,0.0,0.0,0.0
3881,-0.0137198743461068,0.04742354538764444,0.006876203887117955,0.035851764489170386,0.02128663954220677,0.0,0.0,0.0,0.0
3882,-0.013878459044140944,0.05022972805754612,0.01890997501673342,0.015609499229980861,0.01669392729580163,0.0,0.0,0.0,0.0
3883,-0.014011432500437985,0.07345603535496269,-0.14709665350276543,0.03516040703612883,0.01986399113067364,0.0,0.0,0.0,0.0
3884,-0.014118549326419682,0.03606163289649181,0.1692863576913534,0.015882343299069162,0.016544746334848686,0.0,0.0,0.0,0.0
3885,-0.014199611849209128,0.07490666235733667,0.025753098342811476,0.03440411649954543,0.018404682898875147,0.0,0.0,0.0,0.0
3886,-0.014254470476415725,0.017506625806366926,0.06960936123833227,0.01612587359233093,0.016365034386391315,0.0,0.0,0.0,0.0
3887,-0.014283023972192083,0.046813015425684716,0.03085169978691484,0.03358428610960894,0.01691143151050796,0.0,0.0,0.0,0.0
3888,-0.014285219644054036,-0.029514454746276748,-0.01743252419891889,0.016339647081880886,0.01615512148326446,0.0,0.0,0.0,0.0
3889,-0.014261053440119256,0.07171870563121982,0.008594209852577675,0.03270252863782244,0.015386986998321344,0.0,0.0,0.0,0.0
3890,-0.01421056995658456,0.08132936722607267,-0.06912061105274567,0.016523271058085213,0.01591540001707339,0.0,0.0,0.0,0.0
3891,-0.014133862355428203,-0.027370352455927796,-0.05792481927582597,0.03176048162359979,0.013834160244321596,0.0,0.0,0.0,0.0
3892,-0.014031072192489528,0.018890615164687995,0.05017576017424452,0.016676404388243013,0.01564631049290915,0.0,0.0,0.0,0.0
3893,-0.013902389156241896,0.05920420495607212,0.028341941469101392,0.030759829068721916,0.012255806684299262,0.0,0.0,0.0,0.0
3894,-0.013748050717743095,-0.06438607917693343,-0.07647932567349613,0.016798760668021644,0.015348348371013181,0.0,0.0,0.0,0.0
3895,-0.013568341692406954,-0.04932482170228195,0.027959175709622634,0.029702347912845352,0.010654831845805788,0.0,0.0,0.0,0.0
3896,-0.013363593714406898,-0.0075225777568799675,0.07485756163971562,0.016890115956929786,0.015022062177952253,0.0,0.0,0.0,0.0
3897,-0.013134184624679121,0.02238493365888074,-0.003856783519724535,0.028590048040725458,0.00903417772364127,0.0,0.0,0.0,0.0
3898,-0.012880537773657202,0.07971181369426819,0.07382868355553476,0.016950302602217342,0.014668053362185903,0.0,0.0,0.0,0.0
3899,-0.012603121240023126,0.05121476939602718,0.09293422575856627,0.027425002956722542,0.007396826576414795,0.0,0.0,0.0,0.0
3900,-0.012302446966917135,0.04367730859323806,0.06429044044780219,0.016979208697907668,0.01428697324928712,0.0,0.0,0.0,0.0
3901,-0.011979069817200311,0.027271014653064557,0.04208142427869491,0.026209356500489996,0.005745784092030818,0.0,0.0,0.0,0.0
3902,-0.011633586549513077,0.00970940145437076,0.09584718812262154,0.016976780039109896,0.013879524349502778,0.0,0.0,0.0,0.0
3903,-0.011266634717020605,0.02841538461288546,0.03151716108543684,0.024945335710999966,0.004084092286086733,0.0,0.0,0.0,0.0
3904,-0.010878891490874133,-0.031353000460270335,-0.022129064316404275,0.016943020366791024,0.013446457646365291,0.0,0.0,0.0,0.0
3905,-0.010471072410562178,0.08660829819969909,0.0073368601622552255,0.023635273565354206,0.0024148256019251527,0.0,0.0,0.0,0.0
3906,-0.010043930063459793,-0.019635734563520885,0.09640692666051724,0.016877996402621408,0.012988573646974737,0.0,0.0,0.0,0.0
3907,-0.009598252696004807,0.03222432873843744,-0.14343309040769697,0.02228161837569739,0.0007410870745357722,0.0,0.0,0.0,0.0
3908,-0.009134862759072958,0.009154272667646377,-0.04937337369236534,0.0167818261227436,0.012506719668278396,0.0,0.0,0.0,0.0
3909,-0.008654615390230385,-0.010441937013486176,-0.08859351359373709,0.020886839999506558,-0.0009339989781183703,0.0,0.0,0.0,0.0
3910,-0.00815839683566816,0.020946353136378278,-0.10868493282500753,0.016654684780396497,0.012001788247798057,0.0,0.0,0.0,0.0
3911,-0.0076471228147262605,0.043889787734833874,-0.038066063900912994,0.019453485123060773,-0.002607292877670732,0.0,0.0,0.0,0.0
3912,-0.0071217368300293795,0.040399432341944846,0.061944579880032366,0.016496808252568575,0.011474712965886839,0.0,0.0,0.0,0.0
3913,-0.006583208426353071,0.0598425130540068,-0.11831963379435288,0.017984228066828898,-0.00427569910643701,0.0,0.0,0.0,0.0
3914,-0.0060325314014305605,0.07125770203695152,-0.06414139110248392,0.01630848953477754,0.01092646135172357,0.0,0.0,0.0,0.0
3915,-0.005470721972001375,0.020404445680709312,-0.030004734793296416,0.016481809130111724,-0.0059362369917247935,0.0,0.0,0.0,0.0
3916,-0.004898816898490875,0.03974067737244581,0.08639153800310846,0.01609007802921242,0.010358044836451927,0.0,0.0,0.0,0.0
3917,-0.004317871571779107,0.07332565185129214,-0.1255259063989699,0.014949023202076006,-0.007585846602820283,0.0,0.0,0.0,0.0
3918,-0.00372895806558371,0.03241898294123148,-0.03150898154545252,0.0158419715255325,0.009770515870027323,0.0,0.0,0.0,0.0
3919,-0.003133163158064042,0.020515974532407034,-0.05964305671762126,0.013388600512321146,-0.009221446155546965,0.0,0.0,0.0,0.0
3920,-0.002531586326283669,-0.0014536944521973596,-0.021596822909956584,0.015564630018529655,0.009164958138590654,0.0,0.0,0.0,0.0
3921,-0.0019253377172426453,0.004106661992685815,-0.1492508585879599,0.011803464109497555,-0.010839962441577575,0.0,0.0,0.0,0.0
3922,-0.001315536099215174,-0.024474434421266636,-0.0702070837144045,0.015258565230677945,0.008542486956313582,0.0,0.0,0.0,0.0
3923,-0.0007033067971815946,-0.049953011093561026,0.11381065140516566,0.010196544737414373,-0.012438514859055725,0.0,0.0,0.0,0.0
3924,-8.977961615866369e-05,0.07014974952363089,0.164999399462174,0.014924344296649772,0.007904249535986,0.0,0.0,0.0,0.0
3925,0.000523913243737202,-0.12481051765403936,0.036149952713796035,0.008570814752535735,-0.014014151064672353,0.0,0.0,0.0,0.0
3926,0.0011366392766465883,-0.10500397745846435,-0.2449962252313975,0.014562581318932757,0.007251426137289987,0.0,0.0,0.0,0.0
3927,0.0017472677608883665,0.03356308097331031,-0.05755912133170066,0.006929265591591535,-0.015563915320502941,0.0,0.0,0.0,0.0
3928,0.002354671845586445,0.0007034690016144603,-0.0937370111699399,0.01417394457968454,0.006585220267859584,0.0,0.0,0.0,0.0
3929,0.002957730630156997,0.04768664317135396,-0.07438372363918959,0.005274930917529198,-0.017084968607773594,0.0,0.0,0.0,0.0
3930,0.0035553312328133863,0.10208705287029457,-0.048812824787513524,0.013759148992628924,0.005906863458305054,0.0,0.0,0.0,0.0
3931,0.004146370844269314,0.05006679932155341,-0.12409912015969805,0.0036108570263571004,-0.018574446396856598,0.0,0.0,0.0,0.0
3932,0.0047297587628617535,0.020232016088476287,-0.01034917693499749,0.013318966822340659,0.00521760588678056,0.0,0.0,0.0,0.0
3933,0.005304418407324582,-0.038564782016143447,0.1328550474081979,0.0019401259904271424,-0.020029684574257224,0.0,0.0,0.0,0.0
3934,0.00586928930350725,0.02084894702494141,0.0853713695695575,0.012854208002790692,0.004518719160050986,0.0,0.0,0.0,0.0
3935,0.006423329041366844,0.06695530092799334,0.01694807386032947,0.0002658353509848397,-0.021447968476812858,0.0,0.0,0.0,0.0
3936,0.006965515198630275,0.07046610686876968,0.05951739550913777,0.01236572449298981,0.0038114920727241397,0.0,0.0,0.0,0.0
3937,0.007494847227563737,0.09194355429346639,0.0674895387619847,-0.0014089401584165679,-0.022826667166491985,0.0,0.0,0.0,0.0
3938,0.008010348301380884,-0.0053071759782922275,0.042528168298817774,0.01185441975124093,0.0030972349468815445,0.0,0.0,0.0,0.0
3939,0.008511067116872566,0.029653673053102708,-0.006843666604103717,-0.0030811179994853846,-0.024163188363051195,0.0,0.0,0.0,0.0
3940,0.008996079649939258,-0.0009480575166627928,0.2759110451451359,0.011321236245750366,0.002377261518879182,0.0,0.0,0.0,0.0
3941,0.009464490860779624,-0.04278154193621341,-0.03943688084180424,-0.004747667140800878,-0.02545516388714357,0.0,0.0,0.0,0.0
3942,0.009915436345591508,0.039090936600534434,0.020387459667647944,0.010767162313617826,0.001652901897142832,0.0,0.0,0.0,0.0
3943,0.010348083931741595,0.07112766916387152,0.06629266794355658,-0.00640543061414077,-0.026700147342401417,0.0,0.0,0.0,0.0
3944,0.010761635213449758,-0.0029209294229096024,0.12639634422667032,0.010193220042856554,0.0009254906142664588,0.0,0.0,0.0,0.0
3945,0.011155327025165028,0.09010644046232372,-0.15802119093826103,-0.00805137430114513,-0.02789589320069361,0.0,0.0,0.0,0.0
3946,0.011528432849906317,-0.026031299625259706,0.21211466492353342,0.009600466937210448,0.00019636971504397333,0.0,0.0,0.0,0.0
3947,0.01188026415997491,-0.007071680355814266,-0.00121645522902019,-0.009682459349626011,-0.029040153238070028,0.0,0.0,0.0,0.0
3948,0.012210171687559149,0.04554529728704544,-0.041794724225936115,0.008989996173397373,-0.0005331103761189934,0.0,0.0,0.0,0.0
3949,0.012517546622890386,0.01838008276819212,0.004592868941254383,-0.011295678935055635,-0.030130774704087305,0.0,0.0,0.0,0.0
3950,0.012801821737737612,-0.04612152427984474,0.037674405804465634,0.008362932764575639,-0.0012616069033806845,0.0,0.0,0.0,0.0
3951,0.013062472432167722,0.0593763147907873,0.016189293484997466,-0.012888053799228964,-0.031165828318128724,0.0,0.0,0.0,0.0
3952,0.013299017702639854,0.027262512727362735,-0.011110758150652085,0.007720440166244449,-0.001987775422684503,0.0,0.0,0.0,0.0
3953,0.013511021029646408,-0.04726424968595361,0.04599899388228141,-0.014456578667019606,-0.032143368112477554,0.0,0.0,0.0,0.0
3954,0.013698091183264878,-0.0062502076481636346,0.054640875018573606,0.007063696812302615,-0.0027102759691514013,0.0,0.0,0.0,0.0
3955,0.013859882945131605,-0.0031586111383426606,-0.1425638733771195,-0.015998494882091353,-0.033061598632206965,0.0,0.0,0.0,0.0
3956,0.013996097745505105,-0.05714752643594975,-0.027782041883615525,0.006393918976495563,-0.0034277764138199588,0.0,0.0,0.0,0.0
3957,0.014106484214246382,0.011056548450017984,-0.028717412189363883,-0.017510849050675847,-0.033918834977422076,0.0,0.0,0.0,0.0
3958,0.01419083864469561,-0.06706497098371648,-0.02470539616142728,0.005712341778063284,-0.0041389506280709865,0.0,0.0,0.0,0.0
3959,0.014249005369591564,-0.17585195063427125,-0.032914937683632906,-0.01899091875599921,-0.03471346187846748,0.0,0.0,0.0,0.0
3960,0.01428087704833909,0.045060875593764114,-0.028565115661775244,0.005020222631847743,-0.004842482973235693,0.0,0.0,0.0,0.0
3961,0.014286394865095225,-0.03145850691850337,-0.0064362066513826005,-0.020435947453444795,-0.035444045328837256,0.0,0.0,0.0,0.0
3962,0.014265548637307368,0.019947526593766862,0.0739126982440888,0.004318837327980471,-0.005537080851631364,0.0,0.0,0.0,0.0
3963,0.014218376834504227,0.05517886464001333,0.10410095224283383,-0.021843261959773718,-0.036109173361992125,0.0,0.0,0.0,0.0
3964,0.01414496650730445,0.030242361831519262,0.12191519765539198,0.0036094858512751744,-0.006221462286341057,0.0,0.0,0.0,0.0
3965,0.014045453126773636,-0.05592677322773721,-0.13109429164490408,-0.02321021103530197,-0.036707684374071535,0.0,0.0,0.0,0.0
3966,0.013920020334426702,0.10532308274089673,-0.033970371013526665,0.0028934726690609093,-0.006894364213739398,0.0,0.0,0.0,0.0
3967,0.013768899603337144,-0.0008314151744117718,-0.02223141088224751,-0.02453437320791995,-0.037238480670302096,0.0,0.0,0.0,0.0
3968,0.01359236981097683,-0.025718517033231705,0.04477202093192129,0.0021721199042842344,-0.0075545421139224635,0.0,0.0,0.0,0.0
3969,0.013390756724577757,-0.0745333612087265,0.06734414078709493,-0.025813254121354545,-0.03770051016078492,0.0,0.0,0.0,0.0
3970,0.013164432399962154,0.039164692663858705,-0.1144297695235154,0.0014467586245675399,-0.008200779155667054,0.0,0.0,0.0,0.0
3971,0.012913814494953161,-0.05793273225848511,-0.04043562656901499,-0.027044503231682136,-0.03809300492402202,0.0,0.0,0.0,0.0
3972,0.012639365498630177,0.040304183790226454,0.1416738434952752,0.0007187275793127775,-0.008831883476191982,0.0,0.0,0.0,0.0
3973,0.012341591877854328,0.07071133354516326,-0.17293134585432446,-0.02822584340839713,-0.03841521061265275,0.0,0.0,0.0,0.0
3974,0.012021043142636805,0.03273328970460078,0.08751670288551867,-1.0629726009605132e-05,-0.009446688062769536,0.0,0.0,0.0,0.0
3975,0.01167831083207572,0.01361840375159247,-0.19013508324914355,-0.029355094951450292,-0.038666502819726445,0.0,0.0,0.0,0.0
3976,0.011314027422732697,0.033284612733584185,0.13962310981672982,-0.0007399673458324333,-0.010044051246532532,0.0,0.0,0.0,0.0
3977,0.010928865161463401,0.01893656842251512,-0.018661564622174213,-0.030430174271611772,-0.03884645045016056,0.0,0.0,0.0,0.0
3978,0.010523534824857442,0.06119072388607101,-0.09864428191639744,-0.0014679393774786997,-0.010622879827915705,0.0,0.0,0.0,0.0
3979,0.010098784407573431,-0.04817340434604617,-0.1348924470410303,-0.0314490977340328,-0.038954705285352366,0.0,0.0,0.0,0.0
3980,0.009655397741992788,-0.02866186828038396,-0.18392303464658968,-0.0021932024442074976,-0.011182107579253486,0.0,0.0,0.0,0.0
3981,0.009194193051741855,-0.06811523801765401,0.06982893389959997,-0.03240998531708228,-0.038991101482358195,0.0,0.0,0.0,0.0
3982,0.008716021441743074,-0.01739382077288675,0.16764862340327885,-0.002914418173582367,-0.011720703897642473,0.0,0.0,0.0,0.0
3983,0.008221765327591469,-0.12351829683760851,-0.05021868983364884,-0.03331106408006107,-0.03895549846232383,0.0,0.0,0.0,0.0
3984,0.007712336807148521,-0.030118794305297694,-0.13507025983895035,-0.003630255666588872,-0.012237673073875088,0.0,0.0,0.0,0.0
3985,0.007188675977362862,-0.05853162208539113,0.01623516128897593,-0.03415067143339338,-0.03884799719289744,0.0,0.0,0.0,0.0
3986,0.006651749199416451,-0.033512671773518576,0.04853113019002208,-0.004339393952945449,-0.012732057552433139,0.0,0.0,0.0,0.0
3987,0.006102547315409704,-0.06308689937178255,-0.035869050673897146,-0.03492725820526062,-0.03866880981651606,0.0,0.0,0.0,0.0
3988,0.005542083819864156,-0.020433871381635674,-0.021539634437892377,-0.005040524428085928,-0.013202947404666713,0.0,0.0,0.0,0.0
3989,0.004971392989426364,-0.0422622116138906,-0.026590508198328172,-0.03563939149902893,-0.038418291209309965,0.0,0.0,0.0,0.0
3990,0.004391527974216515,-0.011692796763274008,-0.03508767476277177,-0.005732353267311728,-0.013649472640960131,0.0,0.0,0.0,0.0
3991,0.003803558854351734,-0.04513731194824229,-0.059996666313357594,-0.03628575733619094,-0.03809687411739166,0.0,0.0,0.0,0.0
3992,0.0032085706652249923,0.011544297837535694,0.03557172735068573,-0.0064136038126696975,-0.014070809192482348,0.0,0.0,0.0,0.0
3993,0.002607661395186004,-0.04790854320573304,-0.15154672538252295,-0.03686516307995558,-0.03770515087517403,0.0,0.0,0.0,0.0
3994,0.002001939959318791,0.023234427200600254,0.03573537921764193,-0.007083018928145893,-0.014466178306035174,0.0,0.0,0.0,0.0
3995,0.0013925241530547048,0.0710640718757477,-0.13224432211758874,-0.037376539635008206,-0.03724382858916231,0.0,0.0,0.0,0.0
3996,0.0007805385893997132,0.0656542892665111,-0.11262902187753276,-0.007739363318839839,-0.014834851794493488,0.0,0.0,0.0,0.0
3997,0.00016711262357694192,-0.03193598695294862,0.15596631100939154,-0.037818943419390995,-0.03671378315383441,0.0,0.0,0.0,0.0
3998,-0.0004466217310804541,0.005711289076224422,0.05550809016283161,-0.008381425809834852,-0.015176149872578447,0.0,0.0,0.0,0.0
3999,-0.0010595318921376095,-0.044713088209844196,-0.04016111365546123,-0.03819155810486065,-0.03611600047430077,0.0,0.0,0.0,0.0
4000,-0.0016704867981241983,-0.027838569969457563,-0.21588870075516003,-0.009008021580567882,-0.015489441676565694,0.0,0.0,0.0,0.0
4001,-0.002278358995787815,-0.002202582419013721,0.013595834829182862,-0.03849369612251861,-0.03545156535464702,0.0,0.0,0.0,0.0
4002,-0.0028820267206916017,-0.05236876764453082,0.15520429240904493,-0.009617994350575879,-0.015774149118800932,0.0,0.0,0.0,0.0
4003,-0.003480375967311363,-0.06856747904850086,-0.034759901642362666,-0.0387247999309349,-0.03472170600677259,0.0,0.0,0.0,0.0
4004,-0.004072302544818025,-0.009037648648731456,-0.23901997467844707,-0.01021021851258572,-0.016029747496397302,0.0,0.0,0.0,0.0
4005,-0.004656714114746436,-0.0018152570321637307,-0.006891450927493242,-0.03888444304442675,-0.03392778002719863,0.0,0.0,0.0,0.0
4006,-0.0052325322067880405,0.019978851668954408,0.03256329568369134,-0.01078360120901949,-0.01625576451042439,0.0,0.0,0.0,0.0
4007,-0.0057986942089987056,0.038582465006622914,0.02714932650019989,-0.038972330819598076,-0.033071240991699745,0.0,0.0,0.0,0.0
4008,-0.006354155328735758,-0.05744393257594973,-0.05459612482804796,-0.011337084348078974,-0.016451783720985835,0.0,0.0,0.0,0.0
4009,-0.006897890520714055,-0.04357053925979111,-0.04578185803402755,-0.0389883009986874,-0.03215367587975302,0.0,0.0,0.0,0.0
4010,-0.007428896378617865,-0.0836282908844144,-0.22984235325506128,-0.011869646555698186,-0.01661744360542997,0.0,0.0,0.0,0.0
4011,-0.00794619298678562,0.027123354732694227,-0.11338121450722352,-0.038932324008724706,-0.031176782906084333,0.0,0.0,0.0,0.0
4012,-0.008448825728538018,-0.07204965074202681,0.004170671018724908,-0.012380305059757702,-0.016752437156647145,0.0,0.0,0.0,0.0
4013,-0.00893586704782517,-0.015631694837072198,0.0018055758027946019,-0.038804503015944854,-0.030142346087594477,0.0,0.0,0.0,0.0
4014,-0.00940641816093243,-0.06674203228673013,-0.18716094781630668,-0.012868117503092321,-0.01685651570954724,0.0,0.0,0.0,0.0
4015,-0.009859610715093507,-0.021805177765347964,-0.07724814893416591,-0.03860507373535844,-0.029052281865680124,0.0,0.0,0.0,0.0
4016,-0.010294608390943176,0.019198658832338473,0.0984994322565616,-0.013332183681942684,-0.016929490102692894,0.0,0.0,0.0,0.0
4017,-0.010710608445857356,-0.016398334310106146,0.07039859467859882,-0.03833440399583258,-0.027908621704930307,0.0,0.0,0.0,0.0
4018,-0.011106843195330502,-0.0456443225682905,0.13277580498998381,-0.01377164720664957,-0.016971222429565416,0.0,0.0,0.0,0.0
4019,-0.011482581429656902,0.07995699877427156,-0.03370374129832163,-0.03799299306148396,-0.02671344693252673,0.0,0.0,0.0,0.0
4020,-0.01183712976330179,0.026287154267363423,-0.07900546688907195,-0.014185696929040469,-0.016981636977218106,0.0,0.0,0.0,0.0
4021,-0.01216983391447076,0.01711806457570928,0.018299670891043347,-0.03758146810837365,-0.025468971048281788,0.0,0.0,0.0,0.0
4022,-0.012480079912519464,-0.06894929201906927,-0.12483026789292792,-0.01457356844128898,-0.016960711018118746,0.0,0.0,0.0,0.0
4023,-0.012767295230972123,-0.05810142569516074,-0.07971393760472484,-0.03710058510877158,-0.024177487772742267,0.0,0.0,0.0,0.0
4024,-0.013030949844057409,-0.033153729767455634,-0.10843859659656906,-0.014934545888301183,-0.01690848507794236,0.0,0.0,0.0,0.0
4025,-0.013270557204817433,0.02875436350046314,-0.05078449806376907,-0.03655123220340422,-0.02284138665129589,0.0,0.0,0.0,0.0
4026,-0.013485675142978187,0.007081983330392545,-0.09531987990086654,-0.015267963067506997,-0.016825055505902985,0.0,0.0,0.0,0.0
4027,-0.013675906680928747,-0.08665948425786213,-0.20549407482460152,-0.03593442391999321,-0.02146314134785647,0.0,0.0,0.0,0.0
4028,-0.013840900766301279,0.08321563709704066,0.11676210776977508,-0.015573204651335002,-0.01671057522204015,0.0,0.0,0.0,0.0
4029,-0.013980352919802562,-0.12630802242709352,-0.12456173825850168,-0.03525129920521328,-0.020045295899093415,0.0,0.0,0.0,0.0
4030,-0.014094005797097502,-0.03360640084730272,0.02931540171337666,-0.0158497057648439,-0.016565260201664433,0.0,0.0,0.0,0.0
4031,-0.014181649663711451,-0.037563326244508706,0.026057147365059326,-0.034503141802610264,-0.018590475914682866,0.0,0.0,0.0,0.0
4032,-0.014243122782073517,-0.041295720471336145,0.21878720599888674,-0.016096954924959158,-0.016389378539018343,0.0,0.0,0.0,0.0
4033,-0.014278311709986,-0.017582975328960516,-0.016470300970336183,-0.033691304233779834,-0.017101363432461377,0.0,0.0,0.0,0.0
4034,-0.014287151509970149,-0.053507772145679186,0.07088486193073398,-0.016314499536680217,-0.016183253613209093,0.0,0.0,0.0,0.0
4035,-0.01426962586910149,-0.009211709398155563,-0.1284507075241251,-0.03281728940710359,-0.015580703095328802,0.0,0.0,0.0,0.0
4036,-0.014225767129113592,0.07006809014212698,0.0148067462537671,-0.016501941424880116,-0.01594726546687468,0.0,0.0,0.0,0.0
4037,-0.014155656226714816,-0.03559255655634362,0.05946245291772127,-0.0318826965900398,-0.014031295249644495,0.0,0.0,0.0,0.0
4038,-0.014059422544228019,-0.06858713553501279,-0.17633092705329984,-0.016658932012487325,-0.015681849685089407,0.0,0.0,0.0,0.0
4039,-0.013937243670829293,-0.012381701703049273,0.1238456286428253,-0.030889279134518503,-0.012455996798917233,0.0,0.0,0.0,0.0
4040,-0.013789345074825399,0.05749151620067715,-0.17177734606612557,-0.016785179888082077,-0.015387495145817866,0.0,0.0,0.0,0.0
4041,-0.01361599968757584,0.003845036854450125,-0.011515620522825176,-0.0298388534268492,-0.010857705211816697,0.0,0.0,0.0,0.0
4042,-0.013417527399826617,-0.08657582383262317,0.034881300337318566,-0.016880452093139996,-0.015064744670957149,0.0,0.0,0.0,0.0
4043,-0.013194294471385348,0.010696162905314801,-0.11233404342157871,-0.02873335983885308,-0.009239362957360615,0.0,0.0,0.0,0.0
4044,-0.012946712855227208,0.06049807281984865,-0.14135036796813724,-0.01694457303782369,-0.01471419098425004,0.0,0.0,0.0,0.0
4045,-0.012675239437278673,0.016204528023773687,-0.04107723331395561,-0.02757484124562396,-0.007603928061421185,0.0,0.0,0.0,0.0
4046,-0.012380375193283173,0.07292021737393789,0.06641425027539027,-0.01697742406282634,-0.014336478877062022,0.0,0.0,0.0,0.0
4047,-0.012062664264301989,-0.032530663518774705,0.046097119677654036,-0.026365432476375922,-0.005954389976095455,0.0,0.0,0.0,0.0
4048,-0.011722692952558567,-0.007798911576874137,-0.09943171065110265,-0.01697894610952041,-0.01393230453795855,0.0,0.0,0.0,0.0
4049,-0.011361088639481213,-0.056297366230305644,-0.1133541501613908,-0.025107376343430878,-0.0042937866878025414,0.0,0.0,0.0,0.0
4050,-0.010978518627934239,0.0497263935445717,0.06543800433433763,-0.01694913593667029,-0.013502416706465147,0.0,0.0,0.0,0.0
4051,-0.010575688910781547,0.0689234421506409,-0.19076622230064122,-0.023802991638181708,-0.0026252574189491546,0.0,0.0,0.0,0.0
4052,-0.010153342868050275,0.07037998730583293,-0.11573271605886552,-0.016888047259103135,-0.013047618496937067,0.0,0.0,0.0,0.0
4053,-0.009712259895102302,-0.10423775987600872,0.016129394158881052,-0.022454672059103658,-0.0009520494784805438,0.0,0.0,0.0,0.0
4054,-0.00925325396433892,-0.006296146362714659,-0.11412745210107048,-0.01679579152938918,-0.012568742116164216,0.0,0.0,0.0,0.0
4055,-0.008777172123102608,-0.03179411911501036,0.13700303208512865,-0.021064889351631193,0.0007229203412552215,0.0,0.0,0.0,0.0
4056,-0.008284892930539777,-0.034031430987476526,0.07159098741868465,-0.016672537118037924,-0.01206667142230131,0.0,0.0,0.0,0.0
4057,-0.007777324836310327,-0.04993706881581349,-0.02472519810591015,-0.01963619931535536,0.002396558663646941,0.0,0.0,0.0,0.0
4058,-0.00725540450414025,0.04774160062350688,0.1931960424733022,-0.01651851186346028,-0.011542332851995143,0.0,0.0,0.0,0.0
4059,-0.006720095083306225,-0.08260599755654008,-0.049313294410906275,-0.018171258177020942,0.004065777324779617,0.0,0.0,0.0,0.0
4060,-0.0061723844312463454,-0.02828887292320348,-0.07528713942922426,-0.01633399994448344,-0.010996693929595363,0.0,0.0,0.0,0.0
4061,-0.0056132832905691635,0.030110172082865864,-0.1766103607731168,-0.016672787648704362,0.005727496329763903,0.0,0.0,0.0,0.0
4062,-0.005043823423837715,-0.01610042455986953,0.03703416169227662,-0.016119345503955183,-0.010430759828278301,0.0,0.0,0.0,0.0
4063,-0.004465055709557654,-0.039850063686036094,-0.09672555081267897,-0.015143574772765959,0.0073786770084835465,0.0,0.0,0.0,0.0
4064,-0.0038780482028929956,-0.030301740499820207,0.052172294375336124,-0.015874947972823662,-0.009845583173967836,0.0,0.0,0.0,0.0
4065,-0.0032838841646799467,-0.014167892825903729,-0.0682790601500024,-0.01358645282746307,0.009016210416418891,0.0,0.0,0.0,0.0
4066,-0.0026836600623840797,0.019713816042783706,-0.030054294229549045,-0.015601256527985243,-0.009242246832288248,0.0,0.0,0.0,0.0
4067,-0.00207848354668415,-0.01702966819258562,-0.12766590166009142,-0.01200428470391604,0.01063703640605294,0.0,0.0,0.0,0.0
4068,-0.001469471407418851,0.05489742097223004,-0.012196503369958284,-0.015298776604002133,-0.008621844613304052,0.0,0.0,0.0,0.0
4069,-0.0008577475126682008,-0.05524469862969328,-0.07514795791169779,-0.010399987371173269,0.012238282141179259,0.0,0.0,0.0,0.0
4070,-0.00024444073477237517,0.007073402197871366,0.07091653794014605,-0.01496806699484403,-0.0079855338251482,0.0,0.0,0.0,0.0
4071,0.00036931713288227135,-0.06259187480742438,-0.12540867076125764,-0.008776521836231291,0.013816973637888124,0.0,0.0,0.0,0.0
4072,0.0009823934644713184,-0.047842921330081105,0.1368400864529896,-0.014609737795265166,-0.007334492588427944,0.0,0.0,0.0,0.0
4073,0.0015936568918749464,-0.024926942751882033,0.291660024296546,-0.007136878587903197,0.01537011748400274,0.0,0.0,0.0,0.0
4074,0.002201979392495592,-0.02449427683854251,0.037623629607002544,-0.014224450526975295,-0.006669907347892364,0.0,0.0,0.0,0.0
4075,0.002806238370909489,0.05700547001907992,0.020547418737598123,-0.005484079270561017,0.01689492494246561,0.0,0.0,0.0,0.0
4076,0.0034053187304968484,-0.03611158924301408,-0.142190434786065,-0.013812914459654282,-0.0059930196121651715,0.0,0.0,0.0,0.0
4077,0.003998114931236613,0.07197222238373806,0.015348490495950563,-0.0038211534078254595,0.018388553655554717,0.0,0.0,0.0,0.0
4078,0.004583533029862751,0.06803333590491542,-0.0034124212217625793,-0.013375888577259068,-0.005305073357212429,0.0,0.0,0.0,0.0
4079,0.005160492698625815,-0.0017103431855778383,-0.003670231664844866,-0.0021511518855906004,0.01984824966071579,0.0,0.0,0.0,0.0
4080,0.005727929218921061,-0.09124909083821697,-0.10262729040026555,-0.012914177404266834,-0.004607331427574556,0.0,0.0,0.0,0.0
4081,0.006284795446115502,0.06172295388623507,-0.02157415549589344,-0.0004771425945830892,0.02127127463901059,0.0,0.0,0.0,0.0
4082,0.006830063741945462,0.014561788202055542,-0.03679019519915033,-0.012428632217491017,-0.003901086473654418,0.0,0.0,0.0,0.0
4083,0.00736272787091378,-0.11669865794488818,0.08296730598105323,0.0011977900824603196,0.022655089753807724,0.0,0.0,0.0,0.0
4084,0.007881804857192356,-0.02660780438342853,0.09033366966026915,-0.011920146888589006,-0.0031876403424362337,0.0,0.0,0.0,0.0
4085,0.008386336798601022,0.09228210922460456,0.20075975694851456,0.0028705682543660794,0.02399713170870652,0.0,0.0,0.0,0.0
4086,0.00887539263431563,0.034317377532775764,-0.0834492779807531,-0.011389657882349566,-0.0024683109078208793,0.0,0.0,0.0,0.0
4087,0.009348069863043238,0.03861544046074678,0.04642793363878417,0.004538118489345835,0.0252948709677358,0.0,0.0,0.0,0.0
4088,0.009803496208493951,0.037772806033104796,0.008308828138033285,-0.01083814351586831,-0.0017444299447285142,0.0,0.0,0.0,0.0
4089,0.010240831229074213,-0.03262531279240957,-0.07986098953036475,0.006197355903435114,0.026545881351146213,0.0,0.0,0.0,0.0
4090,0.010659267868835231,-0.056879684660179126,-0.013568583174108332,-0.010266622045515586,-0.0010173292546921484,0.0,0.0,0.0,0.0
4091,0.011058033946810281,0.008553642510833395,-0.09062700470785046,0.007845187843279814,0.027747947193049786,0.0,0.0,0.0,0.0
4092,0.01143639358199137,-0.10884281348545428,0.007018718578910371,-0.009676151261413874,-0.00028835252511129805,0.0,0.0,0.0,0.0
4093,0.011793648551323208,0.025069303639688865,-0.07027826007503415,0.009478525349183515,0.028898781560800307,0.0,0.0,0.0,0.0
4094,0.012129139578199354,0.04682221401941055,0.0512491768579418,-0.009067824729761642,0.0004411577314951394,0.0,0.0,0.0,0.0
4095,0.012442247549088549,-0.010087984004381897,0.3910340529292903,0.011094289327357893,0.029996319914328797,0.0,0.0,0.0,0.0
4096,0.012732394656043063,-0.09395456178130476,-0.12139293103590237,-0.008442772234920338,0.0011698527674931687,0.0,0.0,0.0,0.0
4097,0.012999045462983767,0.06509333767493462,-0.0185685341832607,0.01268943373531575,0.031038481978775085,0.0,0.0,0.0,0.0
4098,0.013241707893791319,-0.026214410211842693,0.16168493366273815,-0.0078021478742742794,0.0018963901153839404,0.0,0.0,0.0,0.0
4099,0.013459934140379591,0.09437351432058907,0.04593833623598706,0.01426104333647097,0.03202338604780041,0.0,0.0,0.0,0.0
4100,0.013653321489080253,-0.03663596861919661,-0.05049488348380107,-0.0071471259253883665,0.0026194293642290175,0.0,0.0,0.0,0.0
4101,0.013821513063807807,-0.013274524629313111,-0.08744546994675317,0.01580637248928657,0.03294921262547288,0.0,0.0,0.0,0.0
4102,0.013964198484637242,0.1098644048688158,-0.14279199855877314,-0.006478905525763286,0.003337634224564169,0.0,0.0,0.0,0.0
4103,0.014081114440577254,0.08507923444686286,0.1310664775543043,0.01732272269994343,0.033814222928257184,0.0,0.0,0.0,0.0
4104,0.014172045175483915,0.021936066391845234,0.07439582813424242,-0.005798724447334635,0.004049679140917189,0.0,0.0,0.0,0.0
4105,0.01423682288621523,0.08323649858375784,0.08123638074789248,0.01880714134704123,0.0346167945237043,0.0,0.0,0.0,0.0
4106,0.014275328032294499,0.0038971178792332403,0.005936469157315092,-0.005107850423346945,0.004754250696212132,0.0,0.0,0.0,0.0
4107,0.014287489556509932,0.0050478829645321435,0.07602994818904138,0.020256693843758725,0.03535551452436343,0.0,0.0,0.0,0.0
4108,0.01427328501604309,0.04203456514672576,-0.10366428203852134,-0.0044075568567794035,0.005450043919628365,0.0,0.0,0.0,0.0
4109,0.014232740623884804,0.03490761534261522,-0.03456188487834624,0.02166888733253216,0.03602897734420837,0.0,0.0,0.0,0.0
4110,0.014165931200461845,-0.07669631472685265,0.028113031522054435,-0.0036991343722367416,0.0061357768987401915,0.0,0.0,0.0,0.0
4111,0.014072980035563676,0.015113960031222477,-0.10124578747685604,0.023041049207970652,0.03663597610926174,0.0,0.0,0.0,0.0
4112,0.013954058660824059,0.003336815248902647,0.10481430896982473,-0.0029838802897087908,0.006810193190381858,0.0,0.0,0.0,0.0
4113,0.0138093865331773,0.0010313003835999215,-0.00563220821725164,0.024370674514252115,0.037175336582329035,0.0,0.0,0.0,0.0
4114,0.013639230629873876,-0.04274817245519054,0.04767537290218448,-0.0022631149502785252,0.007472043406951937,0.0,0.0,0.0,0.0
4115,0.013443904955801457,0.09370443183684105,0.10508399118252876,0.02565539607494887,0.03764610572517207,0.0,0.0,0.0,0.0
4116,0.013223769964021472,-0.021365469332068572,0.10291682533825387,-0.001538174077570428,0.008120101371945253,0.0,0.0,0.0,0.0
4117,0.012979231890592052,-0.023748579583283722,-0.0118800167750127,0.026892747298836523,0.03804742241121438,0.0,0.0,0.0,0.0
4118,0.012710742004900577,0.04820285556345314,-0.07809653097120638,-0.0008103963396201512,0.008753175473785724,0.0,0.0,0.0,0.0
4119,0.012418795776894,0.06233550772430415,0.026808154876348758,0.028080477840113326,0.0383784780464941,0.0,0.0,0.0,0.0
4120,0.012103931962740637,0.11925013879726694,-0.04114604113960879,-8.112936947093807e-05,0.009370097958847277,0.0,0.0,0.0,0.0
4121,0.011766731610613188,0.05404949956948599,0.12250417856126986,0.029216375218714147,0.038638725328277175,0.0,0.0,0.0,0.0
4122,0.011407816988423077,-0.028108255002165124,0.08819437065503846,0.0006482888358248724,0.009969729875769585,0.0,0.0,0.0,0.0
4123,0.011027850435492134,0.13000049809366426,-0.07435201768531388,0.030298351496287738,0.03882769052153652,0.0,0.0,0.0,0.0
4124,0.010627533140274722,-0.013314106790251492,-0.07636565780832587,0.0013765145380118264,0.010550963504179016,0.0,0.0,0.0,0.0
4125,0.010207603846386639,0.03650373518837273,0.018135282127532112,0.03132445264926469,0.03894499959202755,0.0,0.0,0.0,0.0
4126,0.009768837489332181,0.002790686906147433,0.1469258083591065,0.0021022013638096666,0.011112723991650251,0.0,0.0,0.0,0.0
4127,0.009312043766441333,-0.07193250640239249,0.018401042968985003,0.03229273976561946,0.03899046384894707,0.0,0.0,0.0,0.0
4128,0.008838065642659746,-0.03866785894333575,0.034816114495661334,0.002824005094355979,0.01165397287706005,0.0,0.0,0.0,0.0
4129,0.008347777794942168,0.022811259591087082,0.10329672591629813,0.033201388864046846,0.038963946057292295,0.0,0.0,0.0,0.0
4130,0.007842084998130558,-0.0010227852781277695,-0.11939129767034526,0.0035405975619556156,0.012173713189304212,0.0,0.0,0.0,0.0
4131,0.007321920455286722,0.017384064853154423,0.13909077622126523,0.03404880862886375,0.03886553662855099,0.0,0.0,0.0,0.0
4132,0.006788244075562164,0.119519261414637,0.09918147705916255,0.004250657861290686,0.012670989407215573,0.0,0.0,0.0,0.0
4133,0.006242040702787677,0.08220486967045688,-0.001783710203474384,0.03483342210493563,0.0386953851426698,0.0,0.0,0.0,0.0
4134,0.005684318298046925,-0.009357637219304618,-0.09726712136769995,0.004952872720025168,0.013144889052370415,0.0,0.0,0.0,0.0
4135,0.005116106079589902,0.054984828849955175,0.010597137958705732,0.035553709276905154,0.03845383023572391,0.0,0.0,0.0,0.0
4136,0.004538452623518509,-0.010477100632955528,0.16316175309685335,0.005645947515546698,0.013594532653483924,0.0,0.0,0.0,0.0
4137,0.0039524239287492425,-0.0077731278233429055,0.10048995436923466,0.036208419241552714,0.03814130507344387,0.0,0.0,0.0,0.0
4138,0.0033591014498235193,0.02434800021781841,0.08606070960099889,0.0063285987284642945,0.014019090288121563,0.0,0.0,0.0,0.0
4139,0.0027595801011982245,0.022576989553429835,0.013286705395340798,0.036796301106492416,0.03775841626799108,0.0,0.0,0.0,0.0
4140,0.002154966236693873,-0.12115842317647268,-0.3653236726184422,0.006999568479685881,0.014417776968973473,0.0,0.0,0.0,0.0
4141,0.0015463756078341372,0.06940475842112197,-0.07037884086555748,0.03731630255691075,0.037305847507576574,0.0,0.0,0.0,0.0
4142,0.0009349313048469594,-0.02251198204799352,0.07100230910463547,0.0076576279072173405,0.01478985656088344,0.0,0.0,0.0,0.0
4143,0.0003217616841152204,0.02865547687160063,-0.08246819300705988,0.03776742886908367,0.03678442359532625,0.0,0.0,0.0,0.0
4144,-0.00029200171408470896,0.05516959465689755,-0.015161954165175287,0.008301558439637481,0.015134643539764429,0.0,0.0,0.0,0.0
4145,-0.0009052262537227718,-0.03824304127410151,0.12044299834571409,0.03814887318655018,0.03619512641764732,0.0,0.0,0.0,0.0
4146,-0.0015167802931742962,-0.038921070088016846,-0.12139045657312153,0.008930158122908713,0.015451497966673423,0.0,0.0,0.0,0.0
4147,-0.0021255352735500698,0.06254662365361255,-0.04305766138045383,0.03845989849430402,0.035539035177477404,0.0,0.0,0.0,0.0
4148,-0.002730367801329848,-0.003564630266661154,0.2126317873167971,0.009542277138575125,0.01573983533081436,0.0,0.0,0.0,0.0
4149,-0.0033301617214677955,0.10089103755945765,0.18936853583241176,0.03869995696504454,0.03481736350127644,0.0,0.0,0.0,0.0
4150,-0.003923810177141648,0.02498394449589672,0.15382318865855285,0.010136788756019522,0.015999126277259645,0.0,0.0,0.0,0.0
4151,-0.004510217652339378,0.06563234310362437,-0.010830857957233209,0.038868583876715296,0.03403144359640325,0.0,0.0,0.0,0.0
4152,-0.005088301993519971,-0.10852149803678071,0.09668420558524363,0.01071260255749091,0.01622889414225359,0.0,0.0,0.0,0.0
4153,-0.005656996406612475,-0.04249578401574105,0.013682048674508063,0.03896550193426742,0.0331827263514158,0.0,0.0,0.0,0.0
4154,-0.006215251425676462,-0.04625182041108253,0.05371836247314084,0.011268650411483078,0.016428714206980805,0.0,0.0,0.0,0.0
4155,-0.006762036849578,-0.07383199940923063,-0.04530403096315522,0.038990527016664105,0.03227277076041307,0.0,0.0,0.0,0.0
4156,-0.007296343643118343,0.056746947418346225,-0.16457746091193093,0.011803904325325599,0.016598217079004066,0.0,0.0,0.0,0.0
4157,-0.007817185799104433,0.00486104180608108,-0.05734892525686579,0.03894360754468318,0.03130325906952175,0.0,0.0,0.0,0.0
4158,-0.008323602157920393,0.042961692929871884,0.05613947273553524,0.012317372700791628,0.016737095697534506,0.0,0.0,0.0,0.0
4159,-0.008814658181247235,0.03610574659950277,0.024075389206806578,0.03882475085323853,0.030275965483219057,0.0,0.0,0.0,0.0
4160,-0.00928944767665539,-0.09512259814310109,-0.005090995201306309,0.01280811070133934,0.016845086342573486,0.0,0.0,0.0,0.0
4161,-0.009747094469887871,-0.06219828563465187,0.0314913965728066,0.038634287450447745,0.02919280530265575,0.0,0.0,0.0,0.0
4162,-0.010186754021748042,-0.03672467278313165,-0.0015138223196999798,0.013275208588656663,0.0169219905481437,0.0,0.0,0.0,0.0
4163,-0.010607614986608468,0.025779755048048088,0.16998284437952835,0.03837256455557481,0.028055766169211484,0.0,0.0,0.0,0.0
4164,-0.011008900709663155,0.01424136517961392,0.06268165686102341,0.013717814184630753,0.016967666797118603,0.0,0.0,0.0,0.0
4165,-0.011389870660164015,0.08777475679244554,0.0474515647133164,0.038040005523128965,0.02686694996999555,0.0,0.0,0.0,0.0
4166,-0.011749821797992862,-0.021414937494351916,0.2803735586443851,0.014135104796201045,0.01698203072957914,0.0,0.0,0.0,0.0
4167,-0.0120880898710461,-0.026734733646475113,0.1350895751282203,0.03763724564167937,0.025628554255474664,0.0,0.0,0.0,0.0
4168,-0.012404050641044833,0.07778292011546385,0.06226887966482238,0.014526304471578374,0.016965056052104306,0.0,0.0,0.0,0.0
4169,-0.012697121035499949,0.09171409241861735,-0.04990296804760745,0.03716504418640302,0.024342865248958605,0.0,0.0,0.0,0.0
4170,-0.012966760223711718,-0.03716790130365099,-0.03333838911632881,0.014890690481100274,0.01691677566550711,0.0,0.0,0.0,0.0
4171,-0.013212470614815319,0.0770394348858015,-0.06897701848760471,0.036624252283507464,0.023012241794790417,0.0,0.0,0.0,0.0
4172,-0.01343379877603433,0.10651160873215015,0.05932982660957618,0.015227602612577324,0.01683727756850378,0.0,0.0,0.0,0.0
4173,-0.013630336269441835,0.010339436091914012,-0.06247910130365242,0.03601586392502239,0.021639170532135526,0.0,0.0,0.0,0.0
4174,-0.013801720405690136,-0.029728994440091007,-0.08879584334695317,0.015536426419595274,0.016726708999901783,0.0,0.0,0.0,0.0
4175,-0.01394763491331657,0.06616853387865027,0.018704316812807396,0.035341003332898815,0.020226185808039678,0.0,0.0,0.0,0.0
4176,-0.014067810522388799,0.029234032578443793,0.24645044041884184,0.01581657827299458,0.01658527445933826,0.0,0.0,0.0,0.0
4177,-0.014162025461414391,0.08096188720214537,-0.01915730698119541,0.03460097379043199,0.018775890093355993,0.0,0.0,0.0,0.0
4178,-0.014230105866596874,0.031803353761985204,0.02119502026576208,0.016067539463692514,0.01641323302780277,0.0,0.0,0.0,0.0
4179,-0.014271926102683144,-0.019837568401178764,0.05281173190292272,0.033797033244656154,0.01729094756528401,0.0,0.0,0.0,0.0
4180,-0.014287408994810165,-0.0145706976011605,0.07573440176800639,0.016288850766879498,0.01621090031056153,0.0,0.0,0.0,0.0
4181,-0.014276525970923064,-0.08014721599421476,-0.0695554737829777,0.03293074876421436,0.01577409602969823,0.0,0.0,0.0,0.0
4182,-0.01423929711450193,0.08361196547565733,-0.1123962114446068,0.0164801041931933,0.015978653032313092,0.0,0.0,0.0,0.0
4183,-0.014175791127499846,0.09006170480900724,-0.00014088274780995821,0.032003708033173976,0.014228144903998728,0.0,0.0,0.0,0.0
4184,-0.014086125203560397,0.026566893707756525,-0.22526482304462372,0.016640944517857952,0.01571691708630202,0.0,0.0,0.0,0.0
4185,-0.013970464811749598,0.09568279893022924,-0.026208138127723934,0.031017595052035895,0.012655937466181745,0.0,0.0,0.0,0.0
4186,-0.01382902339119955,-0.10544412444856398,0.051168708076278185,0.01677107618593378,0.015426181329094003,0.0,0.0,0.0,0.0
4187,-0.013662061957229165,0.015202318099027688,0.08116050201054223,0.02997424424129037,0.011060378110275035,0.0,0.0,0.0,0.0
4188,-0.013469888619667547,0.049490958478361574,-0.13802564192768935,0.016870258411997147,0.015106978994287742,0.0,0.0,0.0,0.0
4189,-0.013252858014270117,0.0030602913627184695,-0.0063047289268811785,0.02887557770667129,0.00944439983841652,0.0,0.0,0.0,0.0
4190,-0.013011370648274906,0.005960128228993302,0.007034494406085801,0.01693830849402569,0.014759898361733217,0.0,0.0,0.0,0.0
4191,-0.012745872161308062,0.007806961420509066,0.04711165900176161,0.02772362270780971,0.007810980022445166,0.0,0.0,0.0,0.0
4192,-0.012456852503004193,0.03587574821707967,-0.09404882659130218,0.016975101191296194,0.014385578530152238,0.0,0.0,0.0,0.0
4193,-0.012144845028853966,0.08368284947077027,0.13442382505505235,0.026520508756107782,0.006163122855812627,0.0,0.0,0.0,0.0
4194,-0.0118104255159533,0.13968402227244178,0.14602952519827783,0.016980567949893565,0.013984709880871235,0.0,0.0,0.0,0.0
4195,-0.011454211100466658,0.06156508946068853,-0.10470841549965182,0.025268451092621883,0.0045038646110585195,0.0,0.0,0.0,0.0
4196,-0.01107685913876814,0.02505902997290184,0.005604656550030703,0.01695469963371938,0.013558030354426528,0.0,0.0,0.0,0.0
4197,-0.010679065994356763,-0.020284062178316464,-0.1738958980053165,0.023969772026011672,0.002836255673385608,0.0,0.0,0.0,0.0
4198,-0.010261565752792742,-0.010070073476323525,0.2689439442705387,0.016897546348013198,0.013106326549279313,0.0,0.0,0.0,0.0
4199,-0.00982512886701942,0.08506445077889133,-0.06357754988903147,0.022626873767133376,0.0011633674592185675,0.0,0.0,0.0,0.0
4200,-0.009370560735571697,0.02714851858979856,0.17848135888250777,0.01680921248406901,0.01263042954724798,0.0,0.0,0.0,0.0
4201,-0.008898700216298521,0.04093075605280326,-0.06276489512815889,0.021242214834824035,-0.0005117248741487159,0.0,0.0,0.0,0.0
4202,-0.008410418078338372,0.0203963858167866,-0.10096903070361798,0.016689858481505903,0.012131217230903631,0.0,0.0,0.0,0.0
4203,-0.007906615395206072,0.014666261114961762,-0.09368473170557502,0.01981832374431253,-0.0021859339770825374,0.0,0.0,0.0,0.0
4204,-0.007388221881956041,0.05516644566810934,-0.043322332134078205,0.01653969791375894,0.011609627063024935,0.0,0.0,0.0,0.0
4205,-0.006856194179490243,-0.00042400795497697305,0.0070650698579817085,0.018357821708939792,-0.0038559115467898613,0.0,0.0,0.0,0.0
4206,-0.006311514089179069,0.0514183141152688,-0.044091657421270705,0.016359014996433188,0.011066622885539352,0.0,0.0,0.0,0.0
4207,-0.005755186761047689,-0.009840699764280779,-0.19252738813860903,0.01686345377603883,-0.005518728707239809,0.0,0.0,0.0,0.0
4208,-0.005188238838878792,-0.00681819299715446,-0.016808652674983382,0.016148143018914977,0.01050319723399139,0.0,0.0,0.0,0.0
4209,-0.0046117165656468385,0.04894333770934086,-0.06572935390699586,0.015337975525008237,-0.0071713425951613315,0.0,0.0,0.0,0.0
4210,-0.004026683852790076,-0.010775175903190617,-0.07124144149066897,0.015907471504139264,0.009920384705007508,0.0,0.0,0.0,0.0
4211,-0.0034342203168696937,0.08731265490544815,-0.01867506249103034,0.01378420397471921,-0.008810716059135412,0.0,0.0,0.0,0.0
4212,-0.002835419287252491,0.02976129643602937,-0.014769361537902953,0.015637441688454944,0.00931926344837921,0.0,0.0,0.0,0.0
4213,-0.0022313857884853293,0.02797196773952276,0.018903045368968564,0.01220498928882019,-0.010433838299422264,0.0,0.0,0.0,0.0
4214,-0.001623234501090139,0.05889458909485681,0.05913219817585404,0.015338547771818138,0.008700945003808207,0.0,0.0,0.0,0.0
4215,-0.001012087704533826,0.002803018436739903,0.06135277206713026,0.01060317807925089,-0.012037723323782615,0.0,0.0,0.0,0.0
4216,-0.0003990732061827273,-0.0840351868006759,-0.02760767174889275,0.015011354985337172,0.008066572643923905,0.0,0.0,0.0,0.0
4217,0.0002146777399480721,0.027678037226175345,-0.011248460710175623,0.008981910938713476,-0.013619371159696315,0.0,0.0,0.0,0.0
4218,0.000828032520807504,0.05880868606395284,0.08197785253832535,0.014656461315566499,0.007417309473102436,0.0,0.0,0.0,0.0
4219,0.0014398592544255862,0.0030521843210338873,-0.0990609349409918,0.00734407577155928,-0.01517595314077557,0.0,0.0,0.0,0.0
4220,0.0020490288786837864,0.0407435667792997,-0.12690706445731256,0.01427452112865134,0.006754361048825837,0.0,0.0,0.0,0.0
4221,0.002654417234878831,-0.08137597834693101,0.0524878222546241,0.0056926840375891965,-0.01670446397901879,0.0,0.0,0.0,0.0
4222,0.003254907142243799,-0.032767397628228626,-0.07126044684949318,0.01386623982855585,0.00607894795266304,0.0,0.0,0.0,0.0
4223,0.0038493904595845226,0.011074644642420077,0.04058465054548751,0.00403079355550894,-0.01820218755279275,0.0,0.0,0.0,0.0
4224,0.004436770130238475,-0.024882062790414987,0.10330985855970277,0.013432366176859936,0.005392316045966306,0.0,0.0,0.0,0.0
4225,0.005015962206579824,0.08128572155179507,-0.06673029111102133,0.002361404041613935,-0.01966633262545012,0.0,0.0,0.0,0.0
4226,0.005585897850329607,0.16280508170512362,-0.08735871730607819,0.012973709725965699,0.004695732063174459,0.0,0.0,0.0,0.0
4227,0.006145525304985158,-0.02838234478275383,-0.21639598982501107,0.000687707279814789,-0.021094175923092054,0.0,0.0,0.0,0.0
4228,0.006693811836726509,-0.06633752390448391,0.25023575440574986,0.01249111195419025,0.00399048663547349,0.0,0.0,0.0,0.0
4229,0.007229745640218432,-0.05281521477853924,-0.06545712727855725,-0.000987257012502196,-0.022483035644858585,0.0,0.0,0.0,0.0
4230,0.007752337705791487,0.024824688382024528,0.02711389299233011,0.011985463478944724,0.003277876589620154,0.0,0.0,0.0,0.0
4231,0.008260623644554347,0.06170341540978148,0.01150469486255835,-0.0026603999582555855,-0.02383045051156454,0.0,0.0,0.0,0.0
4232,0.00875366546807451,0.07509291936379371,0.019112110299187718,0.011457697132046488,0.00255922002882039,0.0,0.0,0.0,0.0
4233,0.009230553319335949,-0.04387481772659731,-0.045878465141123856,-0.004328638808439905,-0.02513388272614346,0.0,0.0,0.0,0.0
4234,0.00969040715178678,-0.012212375157406315,-0.0029196127594189993,0.010908787151010655,0.0018358451344367259,0.0,0.0,0.0,0.0
4235,0.01013237835336985,0.004951009856972633,0.12630666424561696,-0.005988889102972147,-0.026390945314631965,0.0,0.0,0.0,0.0
4236,0.010555651312550462,0.05181148633883308,-0.21641818096180462,0.010339744025930069,0.001109075778528968,0.0,0.0,0.0,0.0
4237,0.010959444923440425,-0.06242142391329209,-0.14909291384935888,-0.007638087899571906,-0.027599276959171047,0.0,0.0,0.0,0.0
4238,0.01134301402724768,0.0780224734674944,0.11549345749032698,0.009751620397202726,0.0003802595810706103,0.0,0.0,0.0,0.0
4239,0.011705650787387523,-0.015305596352582811,0.0534170752738781,-0.009273191106531698,-0.028756711484419988,0.0,0.0,0.0,0.0
4240,0.012046685995723307,0.03951835570956626,-0.07190752471093757,0.009145505627895121,-0.00034926001501578473,0.0,0.0,0.0,0.0
4241,0.012365490307517674,0.03354601488497526,-0.099886056012385,-0.010891174026630424,-0.0298610997177603,0.0,0.0,0.0,0.0
4242,0.012661475402822699,-0.01164606331618258,-0.047479849463241776,0.008522516693563376,-0.0010781325365289503,0.0,0.0,0.0,0.0
4243,0.012934095072163736,-0.05473221970850667,-0.06714838221842398,-0.01248905578220026,-0.03091031799312298,0.0,0.0,0.0,0.0
4244,0.0131828462245109,0.0069851709525811274,-0.04877033935341038,0.007883795917868568,-0.0018050155320930472,0.0,0.0,0.0,0.0
4245,0.013407269815681187,-0.08304599884359819,0.030927778494643975,-0.014063902930598437,-0.0319025287989037,0.0,0.0,0.0,0.0
4246,0.013606951695455725,0.014082034442161565,0.045975879110443894,0.007230527252857311,-0.0025285691503167994,0.0,0.0,0.0,0.0
4247,0.013781523371851982,-0.09237688338815828,-0.04364784673650163,-0.015612738004120642,-0.03283589060492141,0.0,0.0,0.0,0.0
4248,0.013930662691135812,-0.041565360520941265,0.1566682901404214,0.006563915045125277,-0.003247455711168071,0.0,0.0,0.0,0.0
4249,0.014054094432322715,0.013221911887178299,0.06124972238199502,-0.017132806266073768,-0.033708639887703264,0.0,0.0,0.0,0.0
4250,0.014151590815069788,0.07289810946071351,0.16666811132454043,0.0058851893536970455,-0.003960344732795538,0.0,0.0,0.0,0.0
4251,0.014222971920020054,0.056776755307065926,-0.17444104986673087,-0.018621271154838758,-0.03451919003177641,0.0,0.0,0.0,0.0
4252,0.014268106020824891,-0.01586759966676954,0.02204308761336742,0.005195603378270376,-0.004665926693056577,0.0,0.0,0.0,0.0
4253,0.014286909827231214,-0.109816787950278,-0.16480728733669744,-0.020075370256679843,-0.03526599467488858,0.0,0.0,0.0,0.0
4254,0.01427934863878489,-0.08175552734204622,-0.00469886824482357,0.004496428853550786,-0.005362900338285962,0.0,0.0,0.0,0.0
4255,0.014245436408866772,-0.0428065311095647,0.020035391452128966,-0.021492435240795096,-0.035947742415755664,0.0,0.0,0.0,0.0
4256,0.014185235718943298,-0.052596222550069745,0.06986750189034995,0.0037889572031699504,-0.0060499767659579285,0.0,0.0,0.0,0.0
4257,0.014098857663078824,0.01036246360354963,-0.06370165865763203,-0.02286983300730782,-0.0365631465884945,0.0,0.0,0.0,0.0
4258,0.013986461642923319,-0.09208203778643259,-0.23374245518029693,0.003074495107722575,-0.006725890194429051,0.0,0.0,0.0,0.0
4259,0.013848255073552902,-0.012572154168546637,-0.0289688307399837,-0.024205030225101704,-0.03711110911317406,0.0,0.0,0.0,0.0
4260,0.013684493000707877,-0.028992116505998946,0.006984598354721793,0.002354357341586833,-0.0073893926933916955,0.0,0.0,0.0,0.0
4261,0.013495477630131734,0.05764396471519425,0.038762326317300394,-0.025495561097619433,-0.037590599116386875,0.0,0.0,0.0,0.0
4262,0.013281557769882517,-0.01726420899371379,-0.06375656279710809,0.0016298770216448906,-0.008039254353327504,0.0,0.0,0.0,0.0
4263,0.013043128186643865,-0.06369438642895218,0.045123329153772054,-0.02673904044526992,-0.038000721472022145,0.0,0.0,0.0,0.0
4264,0.012780628877225303,-0.00048195076739738943,-0.12661003652344635,0.0009023866060321308,-0.00867427567031926,0.0,0.0,0.0,0.0
4265,0.012494544256592572,-0.02677152210413657,-0.017724582441218266,-0.027933177476459625,-0.03834067811937038,0.0,0.0,0.0,0.0
4266,0.01218540226393203,-0.004967566993733169,0.04998585658842701,0.00017323282472243775,-0.009293294141625724,0.0,0.0,0.0,0.0
4267,0.01185377338839421,-0.013797522972942572,-0.025967933773440595,-0.029075733415460634,-0.03860987796421457,0.0,0.0,0.0,0.0
4268,0.011500269616314819,-0.019606304370102808,-0.009505949551068137,-0.0005562413036747013,-0.00989516769453451,0.0,0.0,0.0,0.0
4269,0.011125543301858892,-0.04114886559296688,-0.3391171640396225,-0.030164659385024477,-0.038807850174697844,0.0,0.0,0.0,0.0
4270,0.010730285963169344,0.02695730420302455,0.0759727945661061,-0.001284687921538911,-0.010478780420183307,0.0,0.0,0.0,0.0
4271,0.010315227006242718,-0.10097366281847181,-0.07604993991594555,-0.031197904171510842,-0.03893420757494437,0.0,0.0,0.0,0.0
4272,0.009881132378886853,-0.08377188211168889,-0.051838709676922286,-0.0020107636902751917,-0.01104305426207428,0.0,0.0,0.0,0.0
4273,0.00942880315724416,-0.02137169825217526,0.04892270913574099,-0.032173582764951414,-0.0389886953240338,0.0,0.0,0.0,0.0
4274,0.008959074067490776,-0.06132838892850839,0.015937641203142026,-0.0027331293575017265,-0.011586944044382546,0.0,0.0,0.0,0.0
4275,0.008472811945435076,-0.028897868063822673,-0.0036151818672801248,-0.03308989928707811,-0.03897127111756766,0.0,0.0,0.0,0.0
4276,0.007970914136864562,0.0700602492423879,-0.011419798296025147,-0.0034504456380923627,-0.012109458004138662,0.0,0.0,0.0,0.0
4277,0.007454306841586265,0.004268610347705065,-0.020193086337819334,-0.033945139601883806,-0.038881906449495796,0.0,0.0,0.0,0.0
4278,0.00692394340422544,0.08329179828416333,-0.02260039319626139,-0.004161394760648862,-0.012609624070630881,0.0,0.0,0.0,0.0
4279,0.006380802554924598,-0.05028959730265921,-0.17917903765134835,-0.034737726899662404,-0.03872077095601924,0.0,0.0,0.0,0.0
4280,0.005825886603200908,-0.026148428909978337,-0.22770986255075573,-0.00486467026513023,-0.013086521049204344,0.0,0.0,0.0,0.0
4281,0.005260219588290164,-0.03288114943438803,0.036441653672126734,-0.03546624054220465,-0.03848820558472106,0.0,0.0,0.0,0.0
4282,0.004684845389387489,-0.059766015393696796,0.09152351378096442,-0.005558969492207458,-0.013539260598142743,0.0,0.0,0.0,0.0
4283,0.004100825799279526,0.07270203372695604,-0.08201449561050878,-0.03612929927270478,-0.03818462890601611,0.0,0.0,0.0,0.0
4284,0.0035092385649148168,0.07639128092118753,0.0009616026066548919,-0.00624300628289426,-0.013967014952189796,0.0,0.0,0.0,0.0
4285,0.0029111753985386385,-0.023131547469902522,0.11228269813946545,-0.036725633665674544,-0.03781057442416346,0.0,0.0,0.0,0.0
4286,0.00230773996304858,-0.027462907359457306,0.12561982999075313,-0.006915522291199758,-0.014368995759435508,0.0,0.0,0.0,0.0
4287,0.0017000458353022684,0.0277932256991407,0.0559306875918338,-0.037254230160353,-0.03736674141611314,0.0,0.0,0.0,0.0
4288,0.001089214451127183,0.012524667204969444,-0.22082875657486145,-0.00757527789695889,-0.014744460582982821,0.0,0.0,0.0,0.0
4289,0.0004763730358303846,-0.0667618518130568,-0.08505607514308225,-0.037714104160913704,-0.03685394681005373,0.0,0.0,0.0,0.0
4290,-0.00013734747598170445,0.09296957265061609,0.1318870134065182,-0.00822105270232841,-0.015092716536813516,0.0,0.0,0.0,0.0
4291,-0.0007508145274209572,-0.0281369403207593,0.010687264695675457,-0.03810433262038956,-0.036273142670630476,0.0,0.0,0.0,0.0
4292,-0.0013628960293329904,0.06842670790639255,0.009287833514913978,-0.00885165640925263,-0.015413121120480013,0.0,0.0,0.0,0.0
4293,-0.001972462449451089,-0.05349024699248806,-0.07802353422195024,-0.03842427915360269,-0.035625405472749255,0.0,0.0,0.0,0.0
4294,-0.002578388896828008,0.030646791914489394,-0.01887886993671183,-0.009465926544607553,-0.015705083081827425,0.0,0.0,0.0,0.0
4295,-0.003179557197704735,-0.12286989584006971,-0.22704619222556002,-0.03867333350888821,-0.03491192871505324,0.0,0.0,0.0,0.0
4296,-0.0037748579589829833,0.045218740345076475,0.02301802732813715,-0.01006272699419444,-0.015968072320403846,0.0,0.0,0.0,0.0
4297,-0.0043631926154938895,-0.02286352418181043,-0.09647309365948466,-0.038851000454288256,-0.03413401061291159,0.0,0.0,0.0,0.0
4298,-0.004943475457285289,-6.261668807401241e-05,-0.04634269483062327,-0.010640948929745861,-0.01620159055841144,0.0,0.0,0.0,0.0
4299,-0.005514635633184124,4.5222643507467075e-05,0.10876933086131013,-0.03895698022096652,-0.03329309922337331,0.0,0.0,0.0,0.0
4300,-0.006075619126942361,0.019305289447381586,0.1482222621904005,-0.01119953307953303,-0.016405210196725493,0.0,0.0,0.0,0.0
4301,-0.0066253907023116195,0.02731670248722312,-0.006520602936648221,-0.03899106961144143,-0.03239075056398138,0.0,0.0,0.0,0.0
4302,-0.0071629358134653615,0.028000794174648284,-0.158149104759303,-0.011737452672646989,-0.016578555321425405,0.0,0.0,0.0,0.0
4303,-0.007687262477233298,0.04041295189922166,-0.19306892726752678,-0.038953191190179634,-0.03142862057586764,0.0,0.0,0.0,0.0
4304,-0.008197403103705972,-0.07231496598667822,-0.09529150460840467,-0.012253714521657506,-0.016721306591043233,0.0,0.0,0.0,0.0
4305,-0.008692416281819045,-0.08710814769175992,-0.12217348839417744,-0.03884345597388187,-0.030408504434915325,0.0,0.0,0.0,0.0
4306,-0.009171388516627839,-0.030539510017586785,-0.01570896710960234,-0.01274736299748572,-0.016833199316043285,0.0,0.0,0.0,0.0
4307,-0.009633435915068175,-0.019286064095987075,-0.01941237790733631,-0.03866203569790588,-0.02933225137307073,0.0,0.0,0.0,0.0
4308,-0.010077705817088292,0.08127820565149604,-0.13176677499844683,-0.0132174858233148,-0.01691402870648044,0.0,0.0,0.0,0.0
4309,-0.01050337836914238,0.010975119886561843,0.014283378928219126,-0.03840926570406415,-0.02820188972854664,0.0,0.0,0.0,0.0
4310,-0.010909668037144514,-0.015940487623994852,0.10448729854461922,-0.013663215797984116,-0.016963645262055897,0.0,0.0,0.0,0.0
4311,-0.011295825056090857,-0.005951254117385285,0.06292359532891828,-0.03808560562645715,-0.02701948301869527,0.0,0.0,0.0,0.0
4312,-0.01166113681367126,-0.08193521716746985,0.07795147282608841,-0.014083734118129103,-0.01698195863013981,0.0,0.0,0.0,0.0
4313,-0.012004929165321117,-0.13350964194647813,0.028770955411387834,-0.03769167249777734,-0.025787208634104657,0.0,0.0,0.0,0.0
4314,-0.012326567678283402,0.01845879519218651,0.0689980168805067,-0.01447826282579071,-0.01696893302386326,0.0,0.0,0.0,0.0
4315,-0.01262545880239004,-0.10598045926758727,-0.04675252644040553,-0.03722818357171208,-0.02450734314745363,0.0,0.0,0.0,0.0
4316,-0.012901050965394512,-0.02755510239423338,-0.006505110393525046,-0.014846073045402714,-0.016924591679988655,0.0,0.0,0.0,0.0
4317,-0.01315283559084102,-0.03293373132635846,-0.11275709002187392,-0.03669598644760159,-0.023182235551117952,0.0,0.0,0.0,0.0
4318,-0.013380348036589907,-0.034336808509760175,-0.0022797730487249413,-0.015186499563132406,-0.016849016552668374,0.0,0.0,0.0,0.0
4319,-0.013583168452265301,0.0011190827108587265,-0.07007372992456282,-0.03609607006117132,-0.02181434159984383,0.0,0.0,0.0,0.0
4320,-0.013760922554045155,0.07086242544947484,0.07355954064033354,-0.01549889626511948,-0.016742344694760894,0.0,0.0,0.0,0.0
4321,-0.013913282315362839,-0.01272535225815703,-0.0406283099446722,-0.03542953424018927,-0.020406215208464112,0.0,0.0,0.0,0.0
4322,-0.014039966572245773,-0.00620614076774402,-0.1429633961946635,-0.015782689382286247,-0.016604778969460193,0.0,0.0,0.0,0.0
4323,-0.014140741542174137,0.02635115807431926,0.16350102307261333,-0.03469757994726752,-0.018960471499779974,0.0,0.0,0.0,0.0
4324,-0.014215421255501771,0.03692800106851102,-0.1177216629895069,-0.01603736070088185,-0.01643657142764693,0.0,0.0,0.0,0.0
4325,-0.01426386789864406,-0.023771606839066213,-0.09907266666545493,-0.03390166501471048,-0.01747973068005552,0.0,0.0,0.0,0.0
4326,-0.014285992068398163,-0.03102356745389899,-0.07387355049490466,-0.016262439576937744,-0.016238027968661917,0.0,0.0,0.0,0.0
4327,-0.014281752936927378,0.049519592306371076,-0.04336215933494211,-0.03304322478322889,-0.01596665281974917,0.0,0.0,0.0,0.0
4328,-0.014251158327104569,-0.07019679893169477,0.14181139300163545,-0.016457503859977383,-0.016009514534539387,0.0,0.0,0.0,0.0
4329,-0.014194264698075923,-0.1171271434797401,0.012961432550003002,-0.03212372498115138,-0.014424058804351185,0.0,0.0,0.0,0.0
4330,-0.014111177041071442,0.11880686595504374,-0.0172500472250028,-0.016622195463641087,-0.01575146378756479,0.0,0.0,0.0,0.0
4331,-0.014002048685654847,0.006706171016476921,-0.26275302390357874,-0.031144921466816577,-0.012854989665558592,0.0,0.0,0.0,0.0
4332,-0.013867081016769726,-0.015433863126432946,-0.08275268827056206,-0.016756213159134725,-0.015464343636580433,0.0,0.0,0.0,0.0
4333,-0.013706523103104544,-0.023581654033638905,0.038933200455059276,-0.03010866939384451,-0.011262153863900103,0.0,0.0,0.0,0.0
4334,-0.013520671237462837,-0.1528069713371911,0.01523878669623983,-0.016859309769416887,-0.01514868303576827,0.0,0.0,0.0,0.0
4335,-0.01330986838998607,0.007479094192575357,0.005851028628275792,-0.029016885781029914,-0.009648497549989235,0.0,0.0,0.0,0.0
4336,-0.013074503575237519,0.023440016295174733,-0.12506423855353171,-0.01693129304718318,-0.014805062828260059,0.0,0.0,0.0,0.0
4337,-0.01281501113431714,-0.026849362279491563,0.034940326421226645,-0.02787154355354137,-0.008016986798331276,0.0,0.0,0.0,0.0
4338,-0.01253186993333028,-0.006662606124531852,0.11497539046691464,-0.016972028739921343,-0.014434115493060238,0.0,0.0,0.0,0.0
4339,-0.012225602479691431,-0.053242179889834686,0.10601048086391934,-0.02667474493226212,-0.006370619170732679,0.0,0.0,0.0,0.0
4340,-0.01189677395788961,0.050136172792928646,0.10283807984630497,-0.01698144582020865,-0.014036525670956392,0.0,0.0,0.0,0.0
4341,-0.011545991186501335,-0.017038329215645312,-0.001971850351780835,-0.025428731753493746,-0.004712454020303498,0.0,0.0,0.0,0.0
4342,-0.011173901498370475,-0.013043372561324554,0.040405157065570026,-0.016959525317175587,-0.013613032189396211,0.0,0.0,0.0,0.0
4343,-0.010781191546022155,-0.08152694610971715,0.06576694142462207,-0.02413578871123419,-0.0030456414347405283,0.0,0.0,0.0,0.0
4344,-0.010368586034518385,-0.0005308954531280628,-0.07573086213173921,-0.01690630670702323,-0.013164422374340606,0.0,0.0,0.0,0.0
4345,-0.009936846384090588,-0.0712802139675167,0.14496763304403548,-0.022798294783825404,-0.0013733336782278368,0.0,0.0,0.0,0.0
4346,-0.009486769325018359,0.046661458348761245,0.05861147084828896,-0.016821889809617758,-0.01269152758717138,0.0,0.0,0.0,0.0
4347,-0.009019185427347233,-0.007547673013434101,-0.1318449461010764,-0.02141874374411217,0.0003013736014928557,0.0,0.0,0.0,0.0
4348,-0.008534957568158374,-0.036243791165375225,0.13990633205521807,-0.016706431039342662,-0.012195213314289629,0.0,0.0,0.0,0.0
4349,-0.008034979339220651,0.022999045988078125,-0.004842528927769418,-0.019999688409507856,0.0019755471450816067,0.0,0.0,0.0,0.0
4350,-0.007520173397958752,-0.015280219070840245,-0.08846848387352167,-0.01656014298135465,-0.011676389271528713,0.0,0.0,0.0,0.0
4351,-0.006991489764787211,-0.013644418253847573,-0.01797501278314381,-0.01854373384878313,0.0036461906993724537,0.0,0.0,0.0,0.0
4352,-0.006449904069945223,0.06854966776608276,-0.16797929638199918,-0.016383291093465403,-0.011136009371247388,0.0,0.0,0.0,0.0
4353,-0.005896415753076813,-0.019534514090714293,-0.07018626147485142,-0.017053495495581366,0.00531022355673528,0.0,0.0,0.0,0.0
4354,-0.0053320462188661735,-0.0294179257270673,-0.11422906834128348,-0.016176206833110558,-0.010575071033358942,0.0,0.0,0.0,0.0
4355,-0.004757836952143749,-0.050259474873925555,-0.010411616813721306,-0.01553181637815933,0.006964536287844639,0.0,0.0,0.0,0.0
4356,-0.004174847595936296,0.012855021677234457,-0.026986654963458055,-0.015939269394786678,-0.009994619420387525,0.0,0.0,0.0,0.0
4357,-0.003584153996004841,0.022492865432755804,-0.062011009876992346,-0.013981452212281864,0.008605896756541748,0.0,0.0,0.0,0.0
4358,-0.0029868462154840195,0.012401586907797857,-0.021413266799847057,-0.015672919696229765,-0.009395731320394726,0.0,0.0,0.0,0.0
4359,-0.002384026523286363,0.01562745505529977,0.07111358379387189,-0.012405327836397825,0.010231228050118044,0.0,0.0,0.0,0.0
4360,-0.0017768073599805775,-0.010480636051776076,0.07047085788109496,-0.015377646110519585,-0.008779511618465925,0.0,0.0,0.0,0.0
4361,-0.0011663092848970512,0.04944966463433278,-0.09931468060517128,-0.010806288079461908,0.011837588321596038,0.0,0.0,0.0,0.0
4362,-0.0005536589082546326,0.005584559590769167,-0.0417596889638195,-0.015053995549873569,-0.008147097022991955,0.0,0.0,0.0,0.0
4363,6.001318788085891e-05,-0.08675098035960674,-0.04898195266380227,-0.009187318465974351,0.013422045755101596,0.0,0.0,0.0,0.0
4364,0.0006735745359673529,0.0258333941469856,-0.009365565086918938,-0.014702563778765857,-0.007499646190374397,0.0,0.0,0.0,0.0
4365,0.001285892872836697,0.003619601471618994,-0.0714644811975931,-0.007551394608634774,0.014981820486407386,0.0,0.0,0.0,0.0
4366,0.001895838229168079,-0.050653588610329404,-0.01851459734057144,-0.014324000778603978,-0.006838340894674983,0.0,0.0,0.0,0.0
4367,0.0025022850147263763,-0.026040218654456392,-0.07475450064084292,-0.005901548532301654,0.01651420661887361,0.0,0.0,0.0,0.0
4368,0.003104114095523399,0.01115427177116108,0.1483640327210043,-0.013918999566241493,-0.006164423126444038,0.0,0.0,0.0,0.0
4369,0.003700214859060371,0.00657466849052125,0.04617239513056791,-0.004240740058509663,0.01801595332802086,0.0,0.0,0.0,0.0
4370,0.0042894872638492764,-0.07497798658690691,-0.009119197054409438,-0.013488318063565562,-0.00547913372925486,0.0,0.0,0.0,0.0
4371,0.00487084386942022,-0.002249968157969473,-0.05793436012713769,-0.0025722165666698348,0.019484380756175795,0.0,0.0,0.0,0.0
4372,0.005443211843082777,0.02690711115224225,0.07357948675275328,-0.013032744409332954,-0.00478373324770803,0.0,0.0,0.0,0.0
4373,0.0060055349397246955,-0.029369919864615398,0.12054468100404493,-0.0008989076612180632,0.020916887171249492,0.0,0.0,0.0,0.0
4374,0.006556775451000477,-0.021193859402621668,-0.010276639904090348,-0.012553118967583873,-0.004079507552047348,0.0,0.0,0.0,0.0
4375,0.007095916120315606,-0.051157437761925606,0.11178051948439113,0.0007760776938317501,0.02231078301638307,0.0,0.0,0.0,0.0
4376,0.007621962020065154,-0.08650779713874496,-0.08713309641000078,-0.012050328474178673,-0.0033677515472967955,0.0,0.0,0.0,0.0
4377,0.008133942387670496,-0.013396435935893958,0.009394219973118685,0.0024496220555231232,0.023663533581944327,0.0,0.0,0.0,0.0
4378,0.008630912417016488,-0.014621387049205178,0.0423917587791858,-0.011525300365387793,-0.002649780680940075,0.0,0.0,0.0,0.0
4379,0.009111955001995572,-0.01269595121411968,0.2442058288981711,0.004118647343671947,0.02497262198801254,0.0,0.0,0.0,0.0
4380,0.009576182428929566,-0.0001530334653619455,0.032655920071349306,-0.010979002870408906,-0.0019269200495155723,0.0,0.0,0.0,0.0
4381,0.010022738014751354,0.036218657674135124,-0.07784267204945693,0.005780082106839961,0.026235630424084586,0.0,0.0,0.0,0.0
4382,0.010450797687925286,-0.0081636942059224,-0.03708646007337048,-0.010412450921827224,-0.0012005036135509532,0.0,0.0,0.0,0.0
4383,0.010859571509184698,0.058895375347744666,0.1931943182737234,0.007430842827549625,0.027450225235868417,0.0,0.0,0.0,0.0
4384,0.011248305129280925,0.01908458443153495,-0.03061812176921848,-0.009826681435228775,-0.0004718718616669517,0.0,0.0,0.0,0.0
4385,0.011616281181055902,0.07190944639555613,0.039484714283749625,0.009067891352417388,0.028614165015076694,0.0,0.0,0.0,0.0
4386,0.011962820603269343,0.014693644886215997,0.11378094342622405,-0.009222775387785776,0.00025763062868493876,0.0,0.0,0.0,0.0
4387,0.012287283893734043,0.0032886157615624476,-0.0876849364154959,0.01068816339459106,0.029725301833954387,0.0,0.0,0.0,0.0
4388,0.012589072289450418,0.025620944973309454,-0.18617289865507503,-0.008601849182535712,0.0009866576723391825,0.0,0.0,0.0,0.0
4389,0.012867628871560864,-0.037620560157330556,0.26500490985530023,0.012288754719505747,0.030781585208626637,0.0,0.0,0.0,0.0
4390,0.013122439593085148,-0.025987145075568943,-0.0537662352413617,-0.007965048763840648,0.001713863960667102,0.0,0.0,0.0,0.0
4391,0.01335303422754039,-0.0068893707343119035,0.08595909333638461,0.013866672289969162,0.031781065882286526,0.0,0.0,0.0,0.0
4392,0.013558987236694157,-0.04214088015338649,-0.15752962684084273,-0.007313549601114782,0.0024379075441914692,0.0,0.0,0.0,0.0
4393,0.01373991855585159,-0.010748857048663081,0.3141945777948414,0.015418998327965727,0.032721899421611765,0.0,0.0,0.0,0.0
4394,0.013895494295224256,0.07076326524382215,0.05554639200416044,-0.0066485535940151675,0.003157452308992928,0.0,0.0,0.0,0.0
4395,0.014025427356089382,0.029009370385244634,0.11915413876297248,0.01694287962633571,0.033602349619785095,0.0,0.0,0.0,0.0
4396,0.014129477960599532,0.03243357825204789,-0.12316189312991602,-0.005971289855619923,0.0038711704423297915,0.0,0.0,0.0,0.0
4397,0.014207454094268426,0.006251785831810436,0.11503301065424924,0.018435444696916707,0.034420791699825204,0.0,0.0,0.0,0.0
4398,0.014259211860313113,0.03395074880785468,0.16249224791606723,-0.005283006163582092,0.004577744882927198,0.0,0.0,0.0,0.0
4399,0.01428465574520038,0.06278777234288299,-0.11619607626177934,0.01989403084014178,0.03517571531232429,0.0,0.0,0.0,0.0
4400,0.014283738794907174,-0.07071942228473513,0.2043995335902734,-0.004584972403483973,0.005275871751419627,0.0,0.0,0.0,0.0
4401,0.014256462701569168,-0.008452358973356958,0.11911218031687007,0.021315915597518862,0.035865727322064674,0.0,0.0,0.0,0.0
4402,0.014202877800358097,-0.07030227455309725,-0.1756575727248639,-0.003878476103749391,0.005964262756453254,0.0,0.0,0.0,0.0
4403,0.014123082976593647,0.09016530497477493,-0.008563415771649888,0.022698456879029615,0.03648955437836149,0.0,0.0,0.0,0.0
4404,0.014017225483260743,0.0775864019000606,0.08446071110601937,-0.003164826128779006,0.006641647572017244,0.0,0.0,0.0,0.0
4405,0.013885500669269631,0.10826689764221015,0.02150786300418444,0.024039056513817436,0.03704604526439732,0.0,0.0,0.0,0.0
4406,0.013728151618960262,-0.05772888235931262,0.11990250816784519,-0.002445335117953529,0.007306776181612088,0.0,0.0,0.0,0.0
4407,0.013545468703515235,-0.035040338018603595,0.025824390573067388,0.025335338781182794,0.03753417302120771,0.0,0.0,0.0,0.0
4408,0.013337789045110035,-0.02766434709828084,-0.04775461924053061,-0.0017213321146689,0.007958421184937945,0.0,0.0,0.0,0.0
4409,0.013105495894789876,-0.038183354367046604,0.16379943470171054,0.02658485244902764,0.0379530368424045,0.0,0.0,0.0,0.0
4410,0.012849017925220219,0.050721379152204794,-0.05240847574015428,-0.0009941512982170509,0.00859538006283814,0.0,0.0,0.0,0.0
4411,0.012568828439615492,0.013911281572575807,0.10100022161393282,0.027785338461059923,0.03830186373613265,0.0,0.0,0.0,0.0
4412,0.0122654444983082,-0.0539098553902976,-0.08547676482379829,-0.00026513414657373854,0.009216477396323709,0.0,0.0,0.0,0.0
4413,0.011939425964568127,0.03263847845377013,-0.025482238558039924,0.028934543378010828,0.03858000995119851,0.0,0.0,0.0,0.0
4414,0.01159137447143333,0.02721053637166789,0.09962142289115633,0.00046436911469652047,0.009820567035588939,0.0,0.0,0.0,0.0
4415,0.011221932311459445,0.06395763165220915,-0.04727440917060457,0.030030303875429164,0.03878696216473861,0.0,0.0,0.0,0.0
4416,0.010831781251435793,0.0020712851991415396,0.1050983264172512,0.0011930156561348194,0.01040653421500763,0.0,0.0,0.0,0.0
4417,0.01042164127425728,-0.016625574108407433,0.04260841666614092,0.031070681785345687,0.038922338429232865,0.0,0.0,0.0,0.0
4418,0.009992269250269862,-0.03693996409357829,-0.06714333390441975,0.0019194603488730455,0.010973297610215243,0.0,0.0,0.0,0.0
4419,0.00954445754054696,0.0006982249374518773,0.12062900036598492,0.03205371475902097,0.038985888877118055,0.0,0.0,0.0,0.0
4420,0.009079032534668385,0.005365785151428427,0.25798536877364,0.0026423633671260422,0.011519811333476637,0.0,0.0,0.0,0.0
4421,0.008596853125707977,0.12776372629898686,0.0029914818661277084,0.032977610289552275,0.038977496181699565,0.0,0.0,0.0,0.0
4422,0.008098809125233437,0.06014221875284596,0.03667163012433659,0.0033603894716192715,0.012045066863664487,0.0,0.0,0.0,0.0
4423,0.0075858196212534946,0.0021924241992955923,-0.0910430290755837,0.033840631949922824,0.03889717577351123,0.0,0.0,0.0,0.0
4424,0.007058831282138367,-0.04702106253333106,-0.13832360317342104,0.004072214877641711,0.012548094907279641,0.0,0.0,0.0,0.0
4425,0.006518816609640818,0.07395477579470436,0.10713875260868255,0.03464122011881759,0.038745075811722936,0.0,0.0,0.0,0.0
4426,0.0059667721442459975,0.03874969456032788,-0.03536433487379276,0.004776525292152439,0.013027967187086296,0.0,0.0,0.0,0.0
4427,0.0054037166261618474,-0.015915998974879345,0.06823914589436776,0.03537787396625517,0.0385214769106489,0.0,0.0,0.0,0.0
4428,0.004830689115340886,-0.037878423498125126,0.12542039823124698,0.00547202194337351,0.013483798155057616,0.0,0.0,0.0,0.0
4429,0.00424874707400207,0.06940440691435723,0.028944247412769804,0.03604925855173382,0.03822679162186179,0.0,0.0,0.0,0.0
4430,0.00365896441519618,-0.056363196003890996,0.009869065108438602,0.00615742160660728,0.013914746626476961,0.0,0.0,0.0,0.0
4431,0.0030624295210130337,0.034565325760853784,-0.020491706407270563,0.0366541267787464,0.037861563672865195,0.0,0.0,0.0,0.0
4432,0.002460243234084446,0.006712341117552145,0.13499364007652911,0.006831458797126185,0.014320017332173272,0.0,0.0,0.0,0.0
4433,0.0018535168260944844,0.04200917419498335,0.11937187273705058,0.037191327892852885,0.03742646696373191,0.0,0.0,0.0,0.0
4434,0.00124336994704563,0.012367414419943665,-0.017339995474476594,0.007492888284284772,0.014698862386030359,0.0,0.0,0.0,0.0
4435,0.0006309285590620613,0.043187576328339125,-0.09657881171448515,0.037659909827229464,0.036922304323558704,0.0,0.0,0.0,0.0
4436,1.7322858542526695e-05,-0.041048738865826995,0.009896573605137729,0.008140489177932978,0.015050580550018108,0.0,0.0,0.0,0.0
4437,-0.0005963148094970546,-0.06833152399387518,0.06263076224460311,0.038058969863345095,0.03635000183442817,0.0,0.0,0.0,0.0
4438,-0.0012088520410480552,-0.005742895415869715,-0.11547699768340809,0.008773067770601026,0.01537452441779268,0.0,0.0,0.0,0.0
4439,-0.0018191584628420643,0.06783717214561702,-0.004089577704706214,0.03838780325755702,0.03571064912910436,0.0,0.0,0.0,0.0
4440,-0.002426107818336295,0.040824089515949,0.2152993016221253,0.009389456610621929,0.01567009372451935,0.0,0.0,0.0,0.0
4441,-0.003028580046102399,-0.08864188296316032,0.045945550178594745,0.03864579816165993,0.035005389813397174,0.0,0.0,0.0,0.0
4442,-0.0036254633467808664,0.1463628904103124,-0.024468477499447132,0.009988518119332705,0.01593674706277856,0.0,0.0,0.0,0.0
4443,-0.004215656234792618,0.10211359368986567,0.0766629636254726,0.038832476587696355,0.03423552893901489,0.0,0.0,0.0,0.0
4444,-0.004798069571013229,-0.012602753527471467,-0.05157804573762452,0.01056914680105767,0.016173991191876097,0.0,0.0,0.0,0.0
4445,-0.005371628572667357,0.06765812722596558,0.03354825861581734,0.038947494044310325,0.03340248498469875,0.0,0.0,0.0,0.0
4446,-0.005935274796723895,0.02168073030529628,0.0432719391904081,0.011130271175526452,0.01638139024390796,0.0,0.0,0.0,0.0
4447,-0.006487968093145486,0.06868265272935449,0.033675588817764585,0.03899063828054809,0.03250780645896379,0.0,0.0,0.0,0.0
4448,-0.007028688524374857,0.05462892578766656,-0.15883610405248852,0.011670855755213256,0.016558560301772166,0.0,0.0,0.0,0.0
4449,-0.007556438247521646,0.12663914602566512,-0.11416378496679533,0.03896182967732144,0.031553136563565176,0.0,0.0,0.0,0.0
4450,-0.008070243355778705,-0.056516665055567156,0.013499919352031839,0.012189902956167526,0.01670517398656577,0.0,0.0,0.0,0.0
4451,-0.008569155675664955,0.007307166381696137,0.08175555381984119,0.0388611213942787,0.030540237254442028,0.0,0.0,0.0,0.0
4452,-0.009052254516778819,0.052946033933421205,-0.1319960197729681,0.012686454938898641,0.01682096809311441,0.0,0.0,0.0,0.0
4453,-0.009518648370835965,0.07501481804000443,0.08960693435972825,0.0386886992716595,0.029470963170056652,0.0,0.0,0.0,0.0
4454,-0.009967476556856002,-0.003936122672142798,0.22954766527558726,0.013159595375916057,0.01690571691954538,0.0,0.0,0.0,0.0
4455,-0.010397910809458018,0.1529003638691343,0.04191222354871655,0.038444881487315306,0.0283472877566014,0.0,0.0,0.0,0.0
4456,-0.010809156807336462,0.04636359583415771,-0.10939867780153217,0.013608451142667873,0.016959268537348502,0.0,0.0,0.0,0.0
4457,-0.01120045563910067,0.01962169376358549,-0.004722340986028899,0.03813011796952717,0.027171311839540257,0.0,0.0,0.0,0.0
4458,-0.011571085203763511,-0.04242835921325114,-0.05189144647028894,0.01403219392875213,0.016981529027414177,0.0,0.0,0.0,0.0
4459,-0.011920361543304706,0.14369866747592147,0.015166717507688247,0.037744989566706424,0.02594521213698053,0.0,0.0,0.0,0.0
4460,-0.012247640104842477,0.06108650906953111,0.06944645828268348,0.01443004176643318,0.016972451228619796,0.0,0.0,0.0,0.0
4461,-0.01255231693008975,0.015211195680541596,0.09154645180810743,0.03729020697550715,0.024671230241163578,0.0,0.0,0.0,0.0
4462,-0.012833829769894741,-0.10425859782574445,0.05445122544135667,0.014801260473637525,0.01693205320786261,0.0,0.0,0.0,0.0
4463,-0.013091659121813991,-0.04116430629803077,-0.09595094506292481,0.03676660942933253,0.023351714072278183,0.0,0.0,0.0,0.0
4464,-0.013325329188797887,0.008982490336714347,0.03961064963754702,0.015145165008771243,0.016860409649574363,0.0,0.0,0.0,0.0
4465,-0.013534408757226049,0.0197333942772391,0.2518409572043799,0.036175163149650115,0.02198909447681505,0.0,0.0,0.0,0.0
4466,-0.01371851199266608,0.02581722807361592,-0.08737495854245714,0.015461120734854625,0.016757647494220262,0.0,0.0,0.0,0.0
4467,-0.013877299151890314,0.1182364598651577,0.16270982079549517,0.03551695956297908,0.020585887739620144,0.0,0.0,0.0,0.0
4468,-0.014010477209837035,-0.022169675352792188,-0.11833457308144747,0.015748544590644887,0.01662396253565802,0.0,0.0,0.0,0.0
4469,-0.01411780040035698,-0.05656960926238785,-0.12609479225692566,0.03479321328683512,0.019144721102883944,0.0,0.0,0.0,0.0
4470,-0.014199070669749443,0.011099922205801142,-0.06837231656410643,0.0160069061665843,0.016459601687374033,0.0,0.0,0.0,0.0
4471,-0.014254138042248997,-0.0022951578573039214,0.12670200940390539,0.034005259888350875,0.017668248457973188,0.0,0.0,0.0,0.0
4472,-0.01428290089679069,0.0036560130278524994,0.0423271325523625,0.01623572868358765,0.01626486845054762,0.0,0.0,0.0,0.0
4473,-0.014285306154540727,-0.04872882689227389,0.07201122343749203,0.033154553419710776,0.016159185291236357,0.0,0.0,0.0,0.0
4474,-0.014261349376847999,0.10464461541070504,0.0419953938808321,0.016434589897905822,0.016040120058719708,0.0,0.0,0.0,0.0
4475,-0.014211074773435172,0.05279373782431999,0.050429154842289374,0.032242664283669266,0.014620301898080097,0.0,0.0,0.0,0.0
4476,-0.014134575120814128,0.048694144844082424,-0.15010777321746582,0.016603123347732777,0.015785769369854635,0.0,0.0,0.0,0.0
4477,-0.014031991591076745,-1.1874533156673583e-05,0.05596858158860574,0.03127128159013146,0.013054436720954356,0.0,0.0,0.0,0.0
4478,-0.013903513491376786,0.10527830770020694,0.08586804967887152,0.016741017400387928,0.015502289265508732,0.0,0.0,0.0,0.0
4479,-0.013749377914582991,-0.03170475940646915,0.10887336389319696,0.03024218539098657,0.01146449147145099,0.0,0.0,0.0,0.0
4480,-0.013569869301749174,-0.01025914219370102,-0.07145226169215141,0.016848017584016536,0.015190199804158372,0.0,0.0,0.0,0.0
4481,-0.013365318917208635,0.003518599954965486,0.08649966449109703,0.029157279348168995,0.009853383627313698,0.0,0.0,0.0,0.0
4482,-0.013136104237259276,0.0039024513049795515,-0.09644935651723463,0.01692392706959702,0.014850081860382081,0.0,0.0,0.0,0.0
4483,-0.012882648253571927,-0.07856870663842357,0.10902298718700497,0.02801857297081226,0.008224078763634915,0.0,0.0,0.0,0.0
4484,-0.012605418692602722,0.009051672512319362,-0.007760434313691372,0.016968605192643173,0.01448255871462516,0.0,0.0,0.0,0.0
4485,-0.012304927152453808,0.1068016858193871,0.010922526118032988,0.026828157579904297,0.006579565390300472,0.0,0.0,0.0,0.0
4486,-0.011981728158771571,0.12041529450365618,0.19410022239709837,0.016981969905343883,0.014088307013058595,0.0,0.0,0.0,0.0
4487,-0.011636418141428616,-0.0002535629187185376,-0.09957980562543095,0.02558823281793076,0.004922865124635632,0.0,0.0,0.0,0.0
4488,-0.01126963433387359,0.03626206138798485,0.0503797841465103,0.016963997729802387,0.013668051663359765,0.0,0.0,0.0,0.0
4489,-0.010882053597185989,0.026602331583016968,-0.01971972368194753,0.024301095094799403,0.0032570164478738805,0.0,0.0,0.0,0.0
4490,-0.010474391170997615,-0.002229749724335997,-0.03280241222548768,0.016914720890294378,0.013222567259118398,0.0,0.0,0.0,0.0
4491,-0.01004739935359367,0.1342229422570824,0.07584823367504945,0.022969119352004543,0.001585092743239886,0.0,0.0,0.0,0.0
4492,-0.009601866113626038,0.050596531132359276,-0.2467064485867028,0.016834230078294373,0.012752676292561127,0.0,0.0,0.0,0.0
4493,-0.009138613635997994,0.05239975181346575,-0.07779240878834483,0.021594757308055393,-8.979055096486419e-05,0.0,0.0,0.0,0.0
4494,-0.008658496804609592,0.05937323523948532,0.020311589810066803,0.016722672399478142,0.01225924764295486,0.0,0.0,0.0,0.0
4495,-0.008162401624757105,-0.03901972404983284,-0.01302743808499581,0.020180535259544236,-0.001764504049133659,0.0,0.0,0.0,0.0
4496,-0.007651243588106354,0.028145370698679246,-0.11680378864360261,0.01658025278896991,0.011743195092621558,0.0,0.0,0.0,0.0
4497,-0.007125965983245528,-0.007922948541289141,-0.21598813453618426,0.01872905831574875,-0.0034359087324151894,0.0,0.0,0.0,0.0
4498,-0.006587538154946219,-0.08176700214934679,-0.005655033935019387,0.01640723348264548,0.011205476218027343,0.0,0.0,0.0,0.0
4499,-0.006036953715340335,0.03751140395222179,0.13190579465707955,0.017243002193289402,-0.005100872492173581,0.0,0.0,0.0,0.0
4500,-0.005475228710311276,-0.021931576917462503,-0.011698912054696267,0.016203932459063132,0.010647083494754815,0.0,0.0,0.0,0.0
4501,-0.0049033997444876635,-0.01597015495834409,-0.07227178195862771,0.015725098922336592,-0.006756345714757663,0.0,0.0,0.0,0.0
4502,-0.0043225220682996165,0.06539882582777597,-0.03113715361376973,0.015970729142289326,0.010069048253090076,0.0,0.0,0.0,0.0
4503,-0.003733667630624735,0.034381109750830155,-0.03087818361487988,0.014178150219597164,-0.008399285482901456,0.0,0.0,0.0,0.0
4504,-0.003137923100616851,-0.028366473631169627,-0.04595662279562052,0.015708049213269897,0.009472438338132135,0.0,0.0,0.0,0.0
4505,-0.0025363878623731115,-0.007776704886532622,-0.030121053315683908,0.012604995281203122,-0.010026682747261699,0.0,0.0,0.0,0.0
4506,-0.0019301719861374586,0.039805395082594626,0.006783448642695375,0.015416377565556475,0.008858348435806749,0.0,0.0,0.0,0.0
4507,-0.0013203941797783338,0.06512782785178613,-0.13321786510188477,0.011008548375802406,-0.011635641609218123,0.0,0.0,0.0,0.0
4508,-0.0007081797243345364,-0.06989978462035902,-0.17431225549262724,0.015096254686227606,0.008227905857090717,0.0,0.0,0.0,0.0
4509,-9.465839742459165e-05,-0.08399110635710924,-0.010124512725493421,0.009391801279825713,-0.013223267178650031,0.0,0.0,0.0,0.0
4510,0.0005190376116374241,0.06534362241187987,0.028155999890573515,0.014748273197000486,0.00758226499762565,0.0,0.0,0.0,0.0
4511,0.0011317757911810463,0.10146300403562963,0.05305075309563065,0.007757764969799259,-0.01478664578999572,0.0,0.0,0.0,0.0
4512,0.0017424253971089992,0.07545668463034924,-0.061943019729108754,0.014373076154387073,0.006922623249530253,0.0,0.0,0.0,0.0
4513,0.00234985953956935,-0.03545742526291912,0.011590877471070862,0.0061094517403135415,-0.016322803858532797,0.0,0.0,0.0,0.0
4514,0.0029529572625086047,-0.0034668087933680067,-0.06955432455311032,0.013971356904824829,0.00625020621559035,0.0,0.0,0.0,0.0
4515,0.0035506056122826604,0.01711226922872438,0.09324244812255165,0.00444990345635779,-0.017828757276671395,0.0,0.0,0.0,0.0
4516,0.0041417016914944964,0.02261325087367974,0.12100968696969286,0.01354385757788377,0.005566260243440462,0.0,0.0,0.0,0.0
4517,0.004725154694274581,0.009158098479775887,0.03345190316222217,0.002782177495490527,-0.019301674943887657,0.0,0.0,0.0,0.0
4518,0.005299887919250759,0.01178881029541154,0.07182824765366708,0.013091367285526082,0.004872048213407713,0.0,0.0,0.0,0.0
4519,0.005864840756487748,0.08455019195901906,-0.1773935208989908,0.0011093466056128396,-0.020738873540872386,0.0,0.0,0.0,0.0
4520,0.006418970644730091,0.003129611464678203,0.03961411389542567,0.012614721595566467,0.004168851786258621,0.0,0.0,0.0,0.0
4521,0.006961254995339775,0.03692811122043886,0.013188330401203565,-0.000565503538511061,-0.022137725527568968,0.0,0.0,0.0,0.0
4522,0.007490693079378203,-0.09448903965666682,-0.07873351965720357,0.012114799799260879,0.0034579680879059317,0.0,0.0,0.0,0.0
4523,0.008006307874345447,-0.001303807968474944,9.49614069724325e-05,-0.002239288822662426,-0.023495671840503704,0.0,0.0,0.0,0.0
4524,0.008507147867171896,-0.015528933478321951,0.02690708333268809,0.011592525075928678,0.002740707690201771,0.0,0.0,0.0,0.0
4525,0.008992288810137632,-0.04572443222888175,-0.11007338965512206,-0.003908924432719256,-0.02481023133691067,0.0,0.0,0.0,0.0
4526,0.009460835426474648,0.0032080217599176394,0.05413592348085019,0.011048860386354832,0.002018394288305854,0.0,0.0,0.0,0.0
4527,0.00991192306250501,-0.09633301933968354,-0.1965058978962778,-0.005571337960950844,-0.026079000015609526,0.0,0.0,0.0,0.0
4528,0.01034471928326872,0.05534808391248547,0.03192598695879561,0.010484809479501405,0.0012923577166616897,0.0,0.0,0.0,0.0
4529,0.010758425408696655,-0.07993311770006914,-0.019614566211429006,-0.0072234661736050275,-0.027299665174244616,0.0,0.0,0.0,0.0
4530,0.011152277987489993,-0.01923084253339354,-0.06039401476776384,0.009901411834769974,0.0005639380439225076,0.0,0.0,0.0,0.0
4531,0.011525550205988602,0.017573082007932676,-0.03482292381117014,-0.008862270433840268,-0.02847000846403386,0.0,0.0,0.0,0.0
4532,0.011877553229432028,-0.016794296303846865,-0.13308367072748004,0.009299744398222651,-0.0001655253402053354,0.0,0.0,0.0,0.0
4533,0.012207637473129317,0.007936704125816523,-0.03346009757391366,-0.010484731278775344,-0.029587893474712395,0.0,0.0,0.0,0.0
4534,0.01251519380120095,0.09138714936905612,0.034014203549058444,0.008680915357206246,-0.0008946887459116443,0.0,0.0,0.0,0.0
4535,0.01279965465067422,-0.03182520133616437,-0.11265061003837529,-0.012087866322499728,-0.03065127823541038,0.0,0.0,0.0,0.0
4536,0.013060495078862444,-0.06900421918161932,0.03956164500931647,0.008046066534961855,-0.001622211164262809,0.0,0.0,0.0,0.0
4537,0.013297233732090694,0.015848452722270538,0.08449201571805762,-0.013668722473695782,-0.031658224293061886,0.0,0.0,0.0,0.0
4538,0.013509433733984522,-0.04243544310683077,-0.03314243066134848,0.007396365614507219,-0.0023467322983452433,0.0,0.0,0.0,0.0
4539,0.013696703491678033,0.030653355941148798,-0.036080263927924044,-0.015224395003456044,-0.032606581562664924,0.0,0.0,0.0,0.0
4540,0.013858697418458967,0.031790814541102136,0.015479199848240482,0.006733012072924941,-0.0030669239407284193,0.0,0.0,0.0,0.0
4541,0.013995116571512103,-0.08237528864609237,-0.10486546108393574,-0.016752013979064416,-0.03349477781648592,0.0,0.0,0.0,0.0
4542,0.0141057092035867,-0.02291016941438165,-0.03184856176386222,0.006057232595421441,-0.0037814561170626112,0.0,0.0,0.0,0.0
4543,0.014190271227570151,0.021024988866572454,-0.05366899905184552,-0.018248755749288588,-0.034321157872356685,0.0,0.0,0.0,0.0
4544,0.014248646593109204,0.04311258377604665,0.13933292621602367,0.005370275502333417,-0.0044890090877018245,0.0,0.0,0.0,0.0
4545,0.014280727574584302,-0.07317709197747986,-0.10502274795648775,-0.0197118384873903,-0.0350841825365407,0.0,0.0,0.0,0.0
4546,0.014286454969906097,-0.01865339431234743,0.10268137035821688,0.00467340901581574,-0.005188277481212872,0.0,0.0,0.0,0.0
4547,0.014265818209766773,0.006258037675966176,-0.21645773761462944,-0.021138533096271152,-0.03578245504409304,0.0,0.0,0.0,0.0
4548,0.014218855377144441,-0.06687358052470797,0.022780038449158657,0.003967919556322136,-0.005877970705066087,0.0,0.0,0.0,0.0
4549,0.014145653137025238,-0.08181544909926727,-0.174004047242378,-0.02252617425093328,-0.03641468527678778,0.0,0.0,0.0,0.0
4550,0.014046346576471762,-0.05926053626222262,-0.058764814296054284,0.003255106942147509,-0.006556816244096357,0.0,0.0,0.0,0.0
4551,0.013921118955334473,-0.12115533953479064,-0.08552103448134665,-0.02387221027578071,-0.036979712659100133,0.0,0.0,0.0,0.0
4552,0.013770201368064519,0.07497207241112148,-0.18843672761589728,0.002536286947712887,-0.007223561366569755,0.0,0.0,0.0,0.0
4553,0.013593872317253607,0.006081982067560946,-0.09080730444303187,-0.025174195383811018,-0.037476499863299595,0.0,0.0,0.0,0.0
4554,0.013392457199686063,-0.0984874843505388,0.11230542938624694,0.0018127865378084304,-0.00787696769732327,0.0,0.0,0.0,0.0
4555,0.013166327705853381,-0.03254099003097988,-0.23549451522100018,-0.026429725148776582,-0.037904132830828934,0.0,0.0,0.0,0.0
4556,0.01291590113403908,0.0015626955550703601,-0.040375166274334004,0.0010859385628294493,-0.008515840323156243,0.0,0.0,0.0,0.0
4557,0.012641639620236879,-0.03322199792948688,0.12416635666751075,-0.02763652105991859,-0.03826185048213169,0.0,0.0,0.0,0.0
4558,0.012344049285328706,0.05723730040559872,0.20404801467007172,0.0003570876628038732,-0.009139003150328234,0.0,0.0,0.0,0.0
4559,0.012023679301090679,0.009352630856069924,-0.22003580752768567,-0.028792295091293107,-0.038548890337116226,0.0,0.0,0.0,0.0
4560,0.011681120876755127,-0.021801986562298346,-0.015264127219260156,-0.00037242484689158545,-0.00974530275494505,0.0,0.0,0.0,0.0
4561,0.01131700616799467,0.005807660714346453,-0.05005045116308545,-0.02989496598510263,-0.038764844381423205,0.0,0.0,0.0,0.0
4562,0.010932007110346245,0.014702990640081456,0.09196954172983504,-0.0011012506400136552,-0.010333617817392202,0.0,0.0,0.0,0.0
4563,0.010526834179222995,-0.11039702727045743,-0.02071503893887492,-0.03094246625865917,-0.038909255323705184,0.0,0.0,0.0,0.0
4564,0.010102235078808947,-0.024174681812991164,0.12748710574186128,-0.0018280415555022027,-0.010902861965922571,0.0,0.0,0.0,0.0
4565,0.009658993362246696,-0.02210384693544202,-0.06506316898943962,-0.03193280540001422,-0.0389818430074097,0.0,0.0,0.0,0.0
4566,0.009197926985673196,-0.05291706159705484,-0.10577253148409779,-0.0025514590698445757,-0.011451989248043542,0.0,0.0,0.0,0.0
4567,0.008719886798768381,-0.06704224331351427,-0.06436367482597509,-0.03286423812773651,-0.0389825471682934,0.0,0.0,0.0,0.0
4568,0.008225754974599764,0.03581992320957701,-0.1255015607027445,-0.00327016589371521,-0.011979982940701114,0.0,0.0,0.0,0.0
4569,0.007716443381664376,-0.08988894949176734,0.13177100725981697,-0.03373506837738924,-0.03891130390478733,0.0,0.0,0.0,0.0
4570,0.007192891901132335,-0.11230033436399683,0.07733845047382609,-0.003982842271512123,-0.012485867984651604,0.0,0.0,0.0,0.0
4571,0.006656066692394725,0.013577345502337315,-0.033193458289896394,-0.03454363674227126,-0.038768235952567724,0.0,0.0,0.0,0.0
4572,0.0061069584101159525,0.014084759790239418,-0.09585979170060452,-0.004688170892976905,-0.012968711714851222,0.0,0.0,0.0,0.0
4573,0.00554658037608537,-0.1394765350392728,-0.12932286612288596,-0.03528845352845254,-0.03855362439986921,0.0,0.0,0.0,0.0
4574,0.004975966709239644,-0.025206618363784367,0.1388698309810875,-0.005384848153383917,-0.01342762478038157,0.0,0.0,0.0,0.0
4575,0.004396170417300889,0.05031390747879731,0.10167390328767537,-0.035968142724163404,-0.03826789060720481,0.0,0.0,0.0,0.0
4576,0.003808261453565005,-0.07977208786968638,0.08586739677378481,-0.006071588217653816,-0.013861756552171586,0.0,0.0,0.0,0.0
4577,0.0032133247424127377,-0.011571678311773963,-0.03714196337255126,-0.036581449360291916,-0.0379115107165656,0.0,0.0,0.0,0.0
4578,0.002612458177197381,-0.10246672256095084,-0.0494313122459515,-0.006747124293137697,-0.01427030342163463,0.0,0.0,0.0,0.0
4579,0.002006770594195289,-0.018350000957872824,-0.013874118346483291,-0.03712725302684415,-0.03748518402655612,0.0,0.0,0.0,0.0
4580,0.001397379726365898,0.012180832527307776,-0.1125246225477419,-0.007410208322900549,-0.014652514843187902,0.0,0.0,0.0,0.0
4581,0.0007854101406943134,-0.0009934126131784723,0.0674627807386238,-0.03760452264233465,-0.03698967519410961,0.0,0.0,0.0,0.0
4582,0.00017199116291675165,-0.0007353312524285812,0.013561511986278621,-0.008059618789460463,-0.015007686905350029,0.0,0.0,0.0,0.0
4583,-0.0004417452065277161,-0.0909248441383084,0.042257962411405635,-0.03801241773459325,-0.03642591518434798,0.0,0.0,0.0,0.0
4584,-0.0010546663814877686,-0.08563409070441877,0.08500362946604581,-0.008694159858601638,-0.015335164538219238,0.0,0.0,0.0,0.0
4585,-0.0016656412801668587,-0.038405314813000975,-0.07927050261956961,-0.038350212673538525,-0.03579493588466037,0.0,0.0,0.0,0.0
4586,-0.002273542412418569,0.03191079697322394,0.009173285722021755,-0.009312652895050979,-0.01563434431755373,0.0,0.0,0.0,0.0
4587,-0.002877247960409495,-0.06145790184452164,0.044232417134114674,-0.038617158385577194,-0.0350979024640833,0.0,0.0,0.0,0.0
4588,-0.00347564384881889,-0.002749628603495957,-0.026702529275218823,-0.009913961571683222,-0.015904673393200883,0.0,0.0,0.0,0.0
4589,-0.00406762580074394,-0.07932676342806042,0.17637434185179643,-0.0388128641912805,-0.03433609577730459,0.0,0.0,0.0,0.0
4590,-0.004652101375531038,-0.0528999439500694,-0.21466719894224182,-0.010496975910968726,-0.016145652809681665,0.0,0.0,0.0,0.0
4591,-0.0052279919847589154,-0.046214862127395784,0.08873701995025074,-0.038936956677840404,-0.033510926824589775,0.0,0.0,0.0,0.0
4592,-0.00579423488265942,-0.12657085928015882,-0.053311984178770845,-0.011060619610367847,-0.01635683797668306,0.0,0.0,0.0,0.0
4593,-0.00634978512730538,0.03579857901600566,-0.07198510860972565,-0.03898919329294794,-0.0326239222306436,0.0,0.0,0.0,0.0
4594,-0.006893617508941355,-0.018554820818766984,-0.0647700236231896,-0.01160384633193598,-0.016537845088645378,0.0,0.0,0.0,0.0
4595,-0.007424728441899325,-0.0008781132200359268,0.059868058502468804,-0.03896945476720767,-0.03167670208172506,0.0,0.0,0.0,0.0
4596,-0.007942137816610953,-0.04434998121202776,-0.0041879525353059,-0.012125659087154225,-0.016688331186271353,0.0,0.0,0.0,0.0
4597,-0.00844489080829881,-0.01797983031126591,-0.08041701301936868,-0.03887779801946941,-0.030671017219581924,0.0,0.0,0.0,0.0
4598,-0.00893205963900435,-0.03820929391857592,0.019366491321111422,-0.012625100144841353,-0.016808020125355524,0.0,0.0,0.0,0.0
4599,-0.009402745289703666,-0.035543081248082364,-0.08710557346788228,-0.038714408204783154,-0.0296087261668643,0.0,0.0,0.0,0.0
4600,-0.00985607915935606,-0.024394594243248573,-0.08230106671862059,-0.013101241473374593,-0.016896693149908458,0.0,0.0,0.0,0.0
4601,-0.01029122466781306,-0.0655825985120281,0.01799771968475919,-0.03847958018208468,-0.028491807319050814,0.0,0.0,0.0,0.0
4602,-0.010707378799641272,-0.019516065265670186,-0.19642373559367188,-0.013553205937449696,-0.016954185750040245,0.0,0.0,0.0,0.0
4603,-0.0111037735860018,-0.11872085956216524,-0.03623170147572386,-0.03817374070476076,-0.027322318631992887,0.0,0.0,0.0,0.0
4604,-0.011479677521857912,-0.00578900500174895,0.1823412221632547,-0.013980159453453635,-0.01698039156261616,0.0,0.0,0.0,0.0
4605,-0.011834396915889804,-0.035969752712903175,-0.1288916292266512,-0.03779745486051549,-0.026102402091738627,0.0,0.0,0.0,0.0
4606,-0.012167277170629523,0.030139645768574974,-0.011777742980365555,-0.014381314097826016,-0.01697525933387561,0.0,0.0,0.0,0.0
4607,-0.012477703990451993,-0.045619559080987034,0.05131266423879696,-0.037351416353622276,-0.02483430426276548,0.0,0.0,0.0,0.0
4608,-0.012765104515193207,0.04946736463027643,0.0027036634381221933,-0.01475593083347186,-0.016938798683368384,0.0,0.0,0.0,0.0
4609,-0.013028948377303798,-0.06273093302654302,0.10240374942064007,-0.036836443026539885,-0.02352036432040663,0.0,0.0,0.0,0.0
4610,-0.013268748680586093,-0.06076741716554626,0.028246192879527555,-0.015103315885091784,-0.016871077949640986,0.0,0.0,0.0,0.0
4611,-0.013484062898710923,-0.0031481813614873955,-0.04686063987101458,-0.03625348840564407,-0.022163006830113196,0.0,0.0,0.0,0.0
4612,-0.013674493691853428,-0.0006245443977912039,0.1864980587380953,-0.015422827365595655,-0.01677222535049053,0.0,0.0,0.0,0.0
4613,-0.013839689639941501,-0.09953444584596377,0.11349517675910645,-0.035603642342344,-0.020764781923398926,0.0,0.0,0.0,0.0
4614,-0.013979345891164863,-0.053527778565739134,0.22192818691706778,-0.01571387282576934,-0.01664242348637645,0.0,0.0,0.0,0.0
4615,-0.014093204724547633,-0.05606997486225652,-0.06957877330425963,-0.03488812291421938,-0.01932827089025526,0.0,0.0,0.0,0.0
4616,-0.014181056025544985,-0.0048702716590544055,-0.016198771218235295,-0.015975923151036332,-0.016481911379079242,0.0,0.0,0.0,0.0
4617,-0.014242737673787411,-0.033630640887857395,-0.08287651403924887,-0.034108198628846696,-0.017856105431022173,0.0,0.0,0.0,0.0
4618,-0.014278135842257227,0.024389751207473883,-0.2036196838442464,-0.016208492457789044,-0.016290983624762202,0.0,0.0,0.0,0.0
4619,-0.014287185207344202,-0.004315096509912873,0.1666678547252466,-0.03326532741165903,-0.016350973894485473,0.0,0.0,0.0,0.0
4620,-0.014269869069393372,-0.08412582500026472,-0.04268904227070518,-0.0164111510988428,-0.016069992020655826,0.0,0.0,0.0,0.0
4621,-0.014226219383522656,-0.1067337621407734,-0.07721177499085999,-0.03236107036771358,-0.014815650740377984,0.0,0.0,0.0,0.0
4622,-0.01415631670065295,-0.07576757275213503,-0.03439542727486802,-0.016583530259733782,-0.015819344988833865,0.0,0.0,0.0,0.0
4623,-0.01406029001885978,-0.029597042763420293,-0.012525733699063842,-0.03139707265257437,-0.013252985275733306,0.0,0.0,0.0,0.0
4624,-0.01393831654532125,-0.052185740176307095,0.051055000301783796,-0.016725304001083775,-0.015539504513360643,0.0,0.0,0.0,0.0
4625,-0.013790621369300038,-0.00617070096179188,-0.11156557428900288,-0.030375123346989285,-0.011665858648327507,0.0,0.0,0.0,0.0
4626,-0.013617477046765462,-0.0781126808514978,-0.08633869513262814,-0.01683621285282686,-0.015230986868068772,0.0,0.0,0.0,0.0
4627,-0.013419203097419518,-0.018015256228678563,-0.009899841613317945,-0.02929712096658844,-0.010057195157800836,0.0,0.0,0.0,0.0
4628,-0.013196165415057358,-0.023289266888463774,0.01238820647633844,-0.016916053112576872,-0.014894360863495115,0.0,0.0,0.0,0.0
4629,-0.012948775592347849,-0.05767775671072535,-0.003983572173873756,-0.02816507955081434,-0.008429959678198587,0.0,0.0,0.0,0.0
4630,-0.012677490161282945,-0.02357394628266237,0.1088326416171741,-0.016964675905967272,-0.014530247713646105,0.0,0.0,0.0,0.0
4631,-0.012382809750695625,0.048636699786165694,0.05272569339028341,-0.026981045977931047,-0.006787153759239845,0.0,0.0,0.0,0.0
4632,-0.012065278162401834,-0.0594963936577505,-0.051965410892574906,-0.016981992793604243,-0.014139318742481422,0.0,0.0,0.0,0.0
4633,-0.011725481367671228,-0.08241763264945988,-0.08055205995616578,-0.02574722657355269,-0.005131805935830688,0.0,0.0,0.0,0.0
4634,-0.011364046425878354,-0.03725673904975449,0.05436610844280964,-0.016967971455698023,-0.01372229517569278,0.0,0.0,0.0,0.0
4635,-0.010981640327331265,-0.06023075401535502,0.024873074874787553,-0.024465903018723558,-0.0034669702886249024,0.0,0.0,0.0,0.0
4636,-0.01057896876240964,-0.04342507396638885,0.1120446273293506,-0.01692263796722384,-0.013279945198565799,0.0,0.0,0.0,0.0
4637,-0.010156774819287001,-0.027010880956037382,-0.059106303750933384,-0.023139437923859616,-0.0017957130773979678,0.0,0.0,0.0,0.0
4638,-0.009715837612640447,0.02389376095786507,0.034687717490496435,-0.01684607501511692,-0.012813085364279221,0.0,0.0,0.0,0.0
4639,-0.009256970845876273,-0.11388337964509765,0.02858945476882302,-0.021770274934223725,-0.00012111918598069725,0.0,0.0,0.0,0.0
4640,-0.008781021309524135,-0.006818788195538623,0.08014689853040483,-0.016738422982980405,-0.012322576346706134,0.0,0.0,0.0,0.0
4641,-0.008288867318574682,-0.08195014708813199,-0.08815528667314385,-0.020360934763686712,0.0015537221224899422,0.0,0.0,0.0,0.0
4642,-0.007781417091642657,-0.03128265975226309,-0.03985323037558701,-0.016599880689475627,-0.0118093224205617,0.0,0.0,0.0,0.0
4643,-0.0072596070749413166,-0.007128860301908608,0.11543969900150326,-0.01891401612574578,0.0032257188023259533,0.0,0.0,0.0,0.0
4644,-0.0067244002141723935,-0.04691463772505529,-0.09938220126239623,-0.01643070202661952,-0.011274272438863768,0.0,0.0,0.0,0.0
4645,-0.006176784177508686,-0.0631897960088183,-0.016124424891053604,-0.017432179156509936,0.004891774471450343,0.0,0.0,0.0,0.0
4646,-0.005617769532957751,0.028726883577291064,0.06003850052400176,-0.01623120436593002,-0.010718414384676309,0.0,0.0,0.0,0.0
4647,-0.005048387883462366,0.001751253093983201,0.16930858472576293,-0.015918161701493266,0.006548809851707452,0.0,0.0,0.0,0.0
4648,-0.0044696899631864765,0.033671325301904476,-0.024889966632166496,-0.01600175152492451,-0.010142772812711112,0.0,0.0,0.0,0.0
4649,-0.003882743698496968,0.02114399161138482,-0.040354265179845944,-0.014374741606054446,0.008193773357426633,0.0,0.0,0.0,0.0
4650,-0.0032886322372136217,0.03315626683516748,0.12771260499116288,-0.015742765868998865,-0.00954840858386304,0.0,0.0,0.0,0.0
4651,-0.0026884519497771824,0.025740671441648384,0.059550037336123574,-0.01280475919676321,0.009823642175514275,0.0,0.0,0.0,0.0
4652,-0.0020833104060102737,0.016452613567998556,0.04974022549525171,-0.015454723662426237,-0.008936434427610628,0.0,0.0,0.0,0.0
4653,-0.001474324331215351,0.030980920853759114,0.026661320787958874,-0.01121109940095452,0.01143515715306477,0.0,0.0,0.0,0.0
4654,-0.0008626175453727854,-0.07462087804738211,0.044753749981301806,-0.015138156681032236,-0.00830797610073336,0.0,0.0,0.0,0.0
4655,-0.0002493188892504616,-0.0486129610124061,0.20640072496114628,-0.009596716824973577,0.013025474328479588,0.0,0.0,0.0,0.0
4656,0.00036443985875395893,0.03098950800920553,-0.2592969792319931,-0.014793651923360044,-0.007664187177723163,0.0,0.0,0.0,0.0
4657,0.0009775260711914625,-0.04073041410326233,-0.18280425155167107,-0.007964646173093804,0.014591794145177112,0.0,0.0,0.0,0.0
4658,0.0015888083617069445,-0.013652290593613737,-0.10017022728911108,-0.014421850211620908,-0.007006253972959302,0.0,0.0,0.0,0.0
4659,0.002197158672894561,0.013969051589932838,0.021110476746822315,-0.006317970117373821,0.016131224201935513,0.0,0.0,0.0,0.0
4660,0.002801454358007849,-0.048966810863679794,0.005397074175100697,-0.0140234398996512,-0.006335392856506107,0.0,0.0,0.0,0.0
4661,0.0034005802526886637,-0.03827136017363073,0.04076839199020729,-0.004659721132835893,0.01764088298211076,0.0,0.0,0.0,0.0
4662,0.003993430732886104,0.019230983879605316,-0.019066198914211258,-0.013599153601297691,-0.005652840891043142,0.0,0.0,0.0,0.0
4663,0.004578911755168246,0.0192434075506877,0.09071236833446208,-0.002992846783470698,0.019117997742733706,0.0,0.0,0.0,0.0
4664,0.005155942875664684,0.008901565828990978,0.07853689718703077,-0.013149774638013438,-0.004959856862601068,0.0,0.0,0.0,0.0
4665,0.005723459243914396,0.03777124541264119,0.18247832592977178,-0.0013204735582619657,0.02055982741889114,0.0,0.0,0.0,0.0
4666,0.006280413567934479,-0.06534651571468757,0.11585431624113271,-0.012676126315247107,-0.004257724789005761,0.0,0.0,0.0,0.0
4667,0.006825778046886324,-0.07697545810791558,0.010723392236783511,0.00035433619196962966,0.021963662326239218,0.0,0.0,0.0,0.0
4668,0.007358546267777994,-0.10271896524428707,-0.09865614706416988,-0.01217908446759702,-0.0035477355503398997,0.0,0.0,0.0,0.0
4669,0.007877735062690287,0.018483169637337583,-0.11633046445581584,0.0020284939001893533,0.023327014588112243,0.0,0.0,0.0,0.0
4670,0.008382386323112247,-0.11688279351863962,0.008310657935526964,-0.011659567589571204,-0.002831198226888044,0.0,0.0,0.0,0.0
4671,0.008871568768028328,-0.09773576284232627,0.08122365381313626,0.0036989265483240814,0.02464735021871172,0.0,0.0,0.0,0.0
4672,0.009344379662501907,0.07241488506680777,-0.03856319694875549,-0.011118534193498475,-0.002109435522186074,0.0,0.0,0.0,0.0
4673,0.009799946483576967,0.061482467828005656,-0.042041679964840886,0.005362543472438299,0.02592219096809559,0.0,0.0,0.0,0.0
4674,0.010237428530426626,0.06806982174834855,0.10663770246482618,-0.010556981208438024,-0.0013837839676178036,0.0,0.0,0.0,0.0
4675,0.010656018475781364,0.067303777907603,0.04314557790981255,0.0070162846564109085,0.027149149941258867,0.0,0.0,0.0,0.0
4676,0.011054943855763947,0.03598686986166581,0.156572005092761,-0.009975947110551168,-0.0006555787545956428,0.0,0.0,0.0,0.0
4677,0.011433468495392271,-0.0400103358948594,-0.06413800071961517,0.008657067612174968,0.02832605050928511,0.0,0.0,0.0,0.0
4678,0.01179089386711187,-0.0019060329350043918,0.02583046510469701,-0.009376501546569686,7.383455275702563e-05,0.0,0.0,0.0,0.0
4679,0.0121265603798568,0.00043708768941930036,0.03350712300758952,0.010281903499581734,0.02945065544739475,0.0,0.0,0.0,0.0
4680,0.01243984859625483,-0.0409869673422729,-0.022113603031806945,-0.008759753573117514,0.000803113560297018,0.0,0.0,0.0,0.0
4681,0.012730180375734442,-0.034503992668864676,0.04473416860238395,0.011887743337023852,0.030520958609276363,0.0,0.0,0.0,0.0
4682,0.012997019941422673,0.06291950568365746,0.06993754917718842,-0.008126841923464172,0.0015309107756671342,0.0,0.0,0.0,0.0
4683,0.013239874868865185,0.007809719586651637,0.0506945459862663,0.013471622088459515,0.03153494403685765,0.0,0.0,0.0,0.0
4684,0.013458296994744124,-0.009060614626978197,0.04747790225772146,-0.007478932694938893,0.0022558821588055562,0.0,0.0,0.0,0.0
4685,0.013651883243916007,-0.026549972822674097,0.14078775812037994,0.015030651308826599,0.032490721950830186,0.0,0.0,0.0,0.0
4686,0.0138202763732454,-0.012132507466962846,0.09265116141737272,-0.006817221471874561,0.0029766858153121687,0.0,0.0,0.0,0.0
4687,0.013963165630859543,-0.04040085842923569,-0.06400955986287961,0.016561953205630982,0.03338655292656341,0.0,0.0,0.0,0.0
4688,0.014080287329607906,-0.02337375989767268,-0.08368766144235704,-0.0061429371931630014,0.0036919978703152355,0.0,0.0,0.0,0.0
4689,0.014171425333669363,-0.0098170515665118,0.03355126522672262,0.018062688865672364,0.03422072876069752,0.0,0.0,0.0,0.0
4690,0.014236411457408546,-0.05692977452110007,0.011467584648678933,-0.005457313667612539,0.00440049895867883,0.0,0.0,0.0,0.0
4691,0.014275125775744503,0.06421322751061792,0.03897398398823779,0.019530091608880685,0.03499178025058437,0.0,0.0,0.0,0.0
4692,0.014287496845459857,0.05446637755488654,0.04201276018916285,-0.004761612819511729,0.005100878745623797,0.0,0.0,0.0,0.0
4693,0.01427350183704196,-0.0753110965134462,0.12252842158409506,0.02096146028407175,0.03569825025196503,0.0,0.0,0.0,0.0
4694,0.014233166576812185,0.045945615389625064,0.03553062318457947,-0.0040571289303103514,0.005791847545074254,0.0,0.0,0.0,0.0
4695,0.014166565499266195,0.0821248079495642,-0.12628061152176714,0.022354090196049847,0.036338883011371115,0.0,0.0,0.0,0.0
4696,0.014073821509713062,0.08715503408533223,-0.11121352335623418,-0.0033451573880409085,0.006472129206397794,0.0,0.0,0.0,0.0
4697,0.013955105757466122,0.05962814683309932,0.007820130852962227,0.0237055128235977,0.0369124674180918,0.0,0.0,0.0,0.0
4698,0.013810637320005027,-0.06730249054051231,0.09787093552168859,-0.002627014842676292,0.007140461128369757,0.0,0.0,0.0,0.0
4699,0.013640682798691165,-0.027345908576304732,0.1355948349858565,0.025013186370920707,0.037417939287802536,0.0,0.0,0.0,0.0
4700,0.013445555826782802,0.04695358536417144,-0.13274373208193252,-0.001904029227765005,0.007795613201435752,0.0,0.0,0.0,0.0
4701,0.013225616490657762,-0.04400419393101704,-0.08528777658738476,0.02627471072299395,0.037854316676490495,0.0,0.0,0.0,0.0
4702,0.012981270665311583,-0.03982592685900126,-0.12019576483669107,-0.0011775231170505689,0.00843638388464816,0.0,0.0,0.0,0.0
4703,0.012712969265358417,0.04069670106365423,0.01972720949545986,0.027487716910346478,0.03822084257646287,0.0,0.0,0.0,0.0
4704,0.012421207412914585,0.026861907649643097,-0.04730111432589401,-0.0004488439654079032,0.009061591647420555,0.0,0.0,0.0,0.0
4705,0.012106523523902237,0.04436723796214162,0.11181449843568794,0.02865002869461871,0.038516852561102106,0.0,0.0,0.0,0.0
4706,0.01176949831446104,0.03330497036369975,0.044635847035691595,0.00028066400366579284,0.009670076245249948,0.0,0.0,0.0,0.0
4707,0.011410753729295392,0.027993850323881825,0.17881551659267114,0.029759473682408246,0.038741781423093105,0.0,0.0,0.0,0.0
4708,0.011030951793941654,-0.04552899368566589,-0.05723259250506345,0.001009654027674817,0.010260707911785388,0.0,0.0,0.0,0.0
4709,0.010630793393068924,0.030765531985457846,-0.12996063618859544,0.030814002846511448,0.03889521120554615,0.0,0.0,0.0,0.0
4710,0.010211016977070915,-0.005829050683544036,-0.03564137368325542,0.001736782221049156,0.010832402694337112,0.0,0.0,0.0,0.0
4711,0.00977239719933184,0.07582673300938311,0.18865332755846093,0.03181168394266704,0.03897687289133363,0.0,0.0,0.0,0.0
4712,0.009315743486684647,0.03738774443013664,0.14495551288230782,0.002460704745637193,0.011384108029966832,0.0,0.0,0.0,0.0
4713,0.008841898545699787,0.02092848762340428,0.042620938854669305,0.032750645279784565,0.03898661021351229,0.0,0.0,0.0,0.0
4714,0.008351736807558671,9.943545368405271e-05,0.009964043132771052,0.003180081042766416,0.011914806201616002,0.0,0.0,0.0,0.0
4715,0.007846162814380976,0.01573567898304529,0.19005752334095388,0.03362916320448128,0.038924414179150095,0.0,0.0,0.0,0.0
4716,0.007326109549987832,0.009429736087711832,0.16999008256593007,0.0038935900698332873,0.012423524100305056,0.0,0.0,0.0,0.0
4717,0.006792536718179398,0.06880372349011518,0.0033492940458206277,0.034445600320509265,0.03879036929942664,0.0,0.0,0.0,0.0
4718,0.006246428971698594,-0.020336393355826248,-0.07403978070559213,0.004599918442076009,0.012909318983008806,0.0,0.0,0.0,0.0
4719,0.00568879409516113,0.09273606360853233,0.023088846523867907,0.03519849889390064,0.03858471835027406,0.0,0.0,0.0,0.0
4720,0.005120661145292495,0.0361116525071298,0.021098144750742877,0.0052977575752841104,0.013371293503595734,0.0,0.0,0.0,0.0
4721,0.004543078551913469,0.04666854361578039,0.028854254235446193,0.03588643838685526,0.03830792477631118,0.0,0.0,0.0,0.0
4722,0.003957112183170502,0.03737755220199703,0.07064654954500105,0.005985822826861753,0.013808588134768766,0.0,0.0,0.0,0.0
4723,0.0033638433785892555,-0.0089968012846511,-0.014388014216162391,0.03650819035512555,0.03796041742468897,0.0,0.0,0.0,0.0
4724,0.002764366953575453,0.01548621746009598,0.07038886683554041,0.0066628375063724175,0.01422039664093489,0.0,0.0,0.0,0.0
4725,0.0021597891790477806,-0.009194830967269862,0.02876412601567121,0.037062567765868304,0.03754286574343287,0.0,0.0,0.0,0.0
4726,0.001551225739930845,0.05417741151119263,-0.10181828549922634,0.0073275526437621774,0.014605964815014772,0.0,0.0,0.0,0.0
4727,0.0009397996762751582,0.04254600061687086,0.028067473145060265,0.03754851845203502,0.03705602031074431,0.0,0.0,0.0,0.0
4728,0.00032663931080603666,-0.08546655115973607,-0.0073635138991729136,0.00797874998994196,0.014964579920156202,0.0,0.0,0.0,0.0
4729,-0.0002871238332797637,-0.028171214572900505,0.11162825963849353,0.03796514399907357,0.03650079703788843,0.0,0.0,0.0,0.0
4730,-0.000900357120421939,-0.03550801919433051,0.012141259272499873,0.008615228375582684,0.015295580798402097,0.0,0.0,0.0,0.0
4731,-0.0015119288928532129,0.006040020654281983,0.17653958080842383,0.03831176640736241,0.035878221788676445,0.0,0.0,0.0,0.0
4732,-0.002120710558959208,0.03624573113073302,0.08420694544826095,0.009235807037384228,0.015598356755748258,0.0,0.0,0.0,0.0
4733,-0.002725578675973969,-0.015098339101454868,-0.16268918703550894,0.03858766760145692,0.03518944381277987,0.0,0.0,0.0,0.0
4734,-0.003325417023176651,-0.02049409923828737,-0.06477624874820612,0.009839335230192458,0.015872348892044946,0.0,0.0,0.0,0.0
4735,-0.0039191186617579124,0.04433771617397685,0.0667477793406411,0.03879237763195966,0.034435727921780374,0.0,0.0,0.0,0.0
4736,-0.004505587977563427,0.009254815305435917,-0.10682545095614523,0.010424713584236793,0.016117051227726657,0.0,0.0,0.0,0.0
4737,-0.0050837427029310454,0.04941106411328561,0.028991113065839326,0.038925485139415364,0.0336184598504749,0.0,0.0,0.0,0.0
4738,-0.005652515913904685,0.05246176926853734,-0.10995440621644748,0.01099085456459438,0.016332012099930578,0.0,0.0,0.0,0.0
4739,-0.006210857999128797,0.08559320518696356,0.03432178282345894,0.038986759674391074,0.032739149364218054,0.0,0.0,0.0,0.0
4740,-0.006757738596798376,-0.06533060030011198,-0.10402449089456153,0.01153671262154706,0.016516834812084494,0.0,0.0,0.0,0.0
4741,-0.00729214849608253,0.09473966468384318,0.13774449172169234,0.03897608067661193,0.03179942102725509,0.0,0.0,0.0,0.0
4742,-0.007813101499515949,-0.13075870023759434,0.031434159281658824,0.012061282972537302,0.01667117830977942,0.0,0.0,0.0,0.0
4743,-0.008319636242926455,-0.01451425461670608,0.05217674784773456,0.03889350470173325,0.03080101040224875,0.0,0.0,0.0,0.0
4744,-0.008810817969528343,0.010971860069689879,0.0004053002667732501,0.012563596189078128,0.0167947582496765,0.0,0.0,0.0,0.0
4745,-0.009285740254920138,0.015655494805205054,0.09615807942664048,0.03873915712903329,0.02974575630671742,0.0,0.0,0.0,0.0
4746,-0.00974352667979422,-0.039332902386744695,0.16647107771009234,0.013042725166779286,0.016887347311062947,0.0,0.0,0.0,0.0
4747,-0.010183332447278712,0.08839260208021364,0.16975222491662878,0.03851331999760424,0.028635590353640092,0.0,0.0,0.0,0.0
4748,-0.010604345941920303,-0.030654440567829223,0.025266475805628297,0.013497785354721372,0.01694877271158415,0.0,0.0,0.0,0.0
4749,-0.01100579022743582,0.04137844335751413,-0.0493654882624179,0.038216405221803355,0.02747259163132621,0.0,0.0,0.0,0.0
4750,-0.011386924480466737,0.04668451065526852,-0.017422196951664224,0.013927936800804517,0.016978921106105393,0.0,0.0,0.0,0.0
4751,-0.011747045357691027,0.028371914837665997,0.11769832323864687,0.03784895993529828,0.026258896983156633,0.0,0.0,0.0,0.0
4752,-0.012085488293769786,0.0340847671263855,-0.0041425028529219685,0.014332385639081988,0.016977736608882143,0.0,0.0,0.0,0.0
4753,-0.012401628727732032,-0.0012414699681497082,0.03244350865398064,0.0374116632013584,0.02499674136376489,0.0,0.0,0.0,0.0
4754,-0.012694883255537684,-0.04160209337294525,-0.16249450522327813,0.014710385453515783,0.0169452237999821,0.0,0.0,0.0,0.0
4755,-0.012964710706688594,-0.05694267305320843,0.036554710466231016,0.036905322911489964,0.023688442647070675,0.0,0.0,0.0,0.0
4756,-0.013210613142900373,-0.05060814139807386,0.11818529192658987,0.015061238653248123,0.016881439381804406,0.0,0.0,0.0,0.0
4757,-0.013432136776997155,0.017119957808083244,0.0015657343833105943,0.036330874295143076,0.022336422201746833,0.0,0.0,0.0,0.0
4758,-0.013628872810327354,0.02220267772855672,0.022904945945764622,0.015384295415155206,0.016786503120710547,0.0,0.0,0.0,0.0
4759,-0.013800458187159024,0.08476366516475342,-0.035073020245640796,0.0356893732623628,0.02094321374071091,0.0,0.0,0.0,0.0
4760,-0.01394657626466064,0.05834735503588546,0.01528778531227941,0.015678962194408237,0.016660590942296057,0.0,0.0,0.0,0.0
4761,-0.014066957397233303,0.09071329722663728,-0.038712721537521935,0.034982037175051356,0.019511383756402535,0.0,0.0,0.0,0.0
4762,-0.014161379434112402,-0.04692515569372295,0.1132509081811624,0.01594469274350319,0.016503932610753842,0.0,0.0,0.0,0.0
4763,-0.014229668129324113,0.05115541663557606,0.05411156971499752,0.03421013888233418,0.018043556141638308,0.0,0.0,0.0,0.0
4764,-0.014271697463237816,0.014313283324177096,-0.05047334525545227,0.01618099979723334,0.0163168118516762,0.0,0.0,0.0,0.0
4765,-0.014287389875122406,0.06339120583409825,-0.05287318517710966,0.03337510328398252,0.016542370586562338,0.0,0.0,0.0,0.0
4766,-0.014276716406276256,0.08582790739418386,-0.008501739678489353,0.016387447174469903,0.01609957811128426,0.0,0.0,0.0,0.0
4767,-0.01423969675346762,0.046623137518836316,-0.14401891745124315,0.032478479150712815,0.015010617750942075,0.0,0.0,0.0,0.0
4768,-0.014176399232586135,-0.004532225590408709,0.06381728407572894,0.016563655899905744,0.015852641589437586,0.0,0.0,0.0,0.0
4769,-0.01408694065257318,0.0681539318758776,-0.02042259067423403,0.03152190139006435,0.013451279930202415,0.0,0.0,0.0,0.0
4770,-0.013971486099863041,-0.027028260169506914,0.002771631146533799,0.016709300496349035,0.015576453018435066,0.0,0.0,0.0,0.0
4771,-0.013830248633733538,-0.0075908494557040684,-0.0720619529177955,0.030507169511814043,0.011867131898401866,0.0,0.0,0.0,0.0
4772,-0.013663488893127004,-0.043332044161667055,-0.10323146403747228,0.016824109419725435,0.015271521536759274,0.0,0.0,0.0,0.0
4773,-0.01347151461566871,0.030584460478590283,0.04297416173983738,0.029436133249360476,0.010261088598447234,0.0,0.0,0.0,0.0
4774,-0.013254680069769266,0.09513555595038617,-0.08103346401709284,0.01690787062471508,0.014938410203904934,0.0,0.0,0.0,0.0
4775,-0.013013385400859397,0.06742164357959328,-0.11148278151995256,0.028310767885063804,0.008636120359381229,0.0,0.0,0.0,0.0
4776,-0.012748075892963479,-0.05362253927567663,0.013185072114551364,0.0169604302481893,0.014577733721956011,0.0,0.0,0.0,0.0
4777,-0.012459241146974342,-0.04403870039668674,0.05475372099334844,0.02713315818974635,0.006995221302105502,0.0,0.0,0.0,0.0
4778,-0.012147414177146909,0.018030858552987923,0.12856283960407464,0.016981691276654037,0.014190157498049357,0.0,0.0,0.0,0.0
4779,-0.011813170427475329,0.09303470724621118,0.1908439896717632,0.025905483357573894,0.005341416206276081,0.0,0.0,0.0,0.0
4780,-0.011457126709771009,-0.0033687612020729223,-0.0074397146047343685,0.016971615564563287,0.01377639600068068,0.0,0.0,0.0,0.0
4781,-0.011079940065403132,0.10119423283341575,-0.03859584495412699,0.02463000739400569,0.0036777513671384003,0.0,0.0,0.0,0.0
4782,-0.01068230655279541,0.023892094983626766,-0.018736065566078347,0.01693022044915652,0.013337213365222271,0.0,0.0,0.0,0.0
4783,-0.010264959962924326,0.11436593564803921,-0.014369563573112492,0.023309074809419385,0.0020072975439293737,0.0,0.0,0.0,0.0
4784,-0.009828670465184288,0.035317182980483836,0.13693491218924958,0.016857580829958325,0.012873418828836214,0.0,0.0,0.0,0.0
4785,-0.009374243186122172,0.07148607514417216,-0.2248070518361645,0.021945106251140337,0.00033312993531380355,0.0,0.0,0.0,0.0
4786,-0.008902516723657732,0.0903189735996714,0.1993252472015045,0.016753829798498293,0.012385868657265335,0.0,0.0,0.0,0.0
4787,-0.00841436159954162,-0.027051348668159125,0.05630601017004894,0.02054061154955464,-0.0013416631999697516,0.0,0.0,0.0,0.0
4788,-0.007910678652898562,0.001458015306607642,0.024647103837630982,0.016619157880781575,0.01187546120418515,0.0,0.0,0.0,0.0
4789,-0.007392397377821525,-0.02590600823745535,0.06037695491524837,0.019098212006056537,-0.00301399863594604,0.0,0.0,0.0,0.0
4790,-0.006860474208089039,-0.0010737253222673562,0.11772181196760681,0.016453819901283116,0.011343138403748752,0.0,0.0,0.0,0.0
4791,-0.006315890752166586,0.010348410663482716,0.06037329965338853,0.017620628440008963,-0.0046807928272189665,0.0,0.0,0.0,0.0
4792,-0.005759651981751048,0.03505820014532994,-0.15905719866663542,0.016258121749566833,0.01078988118617151,0.0,0.0,0.0,0.0
4793,-0.005192784377200749,0.012081533057277846,-0.04761728887735017,0.01611057199602555,-0.00633897682497166,0.0,0.0,0.0,0.0
4794,-0.004616334033273539,-0.019138522177984448,0.011349360191751149,0.016032422668890777,0.01021671048337716,0.0,0.0,0.0,0.0
4795,-0.004031364728668147,0.023712160566717627,-0.07721490481094366,0.01457078783277997,-0.007985493229008636,0.0,0.0,0.0,0.0
4796,-0.00343895596293363,0.001861702362849587,-0.10148350064891268,0.015777135349545317,0.009624681615187815,0.0,0.0,0.0,0.0
4797,-0.0028402009643641642,0.03767916238210464,-0.0434565066955515,0.01300406348136999,-0.009617312958076763,0.0,0.0,0.0,0.0
4798,-0.0022362046725603432,0.04983946720029345,0.04415671189652334,0.015492727015675918,0.009014887286111304,0.0,0.0,0.0,0.0
4799,-0.0016280816993825382,0.0001662439762630738,0.1821404760020614,0.011413249132692071,-0.011231426055255185,0.0,0.0,0.0,0.0
4800,-0.0010169542720475369,-0.011672207772019381,0.03963417463871842,0.01517972491879351,0.008388452478786234,0.0,0.0,0.0,0.0
4801,-0.0004039501621778139,0.07464003375301173,0.02498694565905406,0.009801346425242172,-0.01282483596133958,0.0,0.0,0.0,0.0
4802,0.00020979939538361676,-0.028102576497782784,-0.20839469177550035,0.014838717084975308,0.0077465349015770025,0.0,0.0,0.0,0.0
4803,0.000823161790146929,-0.020432659729376725,-0.016005983622169515,0.008171494217022042,-0.014394560142416845,0.0,0.0,0.0,0.0
4804,0.0014350051260914806,-0.0018876248984788287,-0.013661113685302467,0.01447032511242922,0.007090325455661992,0.0,0.0,0.0,0.0
4805,0.0020442003104616958,-0.03625015657552219,0.2421983095245024,0.006526545441639976,-0.015937639568362694,0.0,0.0,0.0,0.0
4806,0.0026496231373857857,0.0009303884459499496,-0.15538392794774308,0.014075230380779244,0.006421039966643599,0.0,0.0,0.0,0.0
4807,0.00325015636248391,-0.022592651227919026,0.2194122418975484,0.004869559840341553,-0.017451197123281102,0.0,0.0,0.0,0.0
4808,0.003844691764623578,0.11068426153840707,-0.022955820630765178,0.013654160110191575,0.005739899741283112,0.0,0.0,0.0,0.0
4809,0.004432132191026392,0.036924684704345685,-0.03217211946333049,0.0032035650672793798,-0.018932654205381063,0.0,0.0,0.0,0.0
4810,0.005011393581946604,0.038324375830859195,0.057593243971997395,0.013207893498769977,0.00504817750732707,0.0,0.0,0.0,0.0
4811,0.005581406971193616,0.01376355283836446,-0.053886497384729906,0.0015316753088692853,-0.02037912392959743,0.0,0.0,0.0,0.0
4812,0.006141120458793573,-0.0027172943740575647,-0.05635469870882893,0.012737254114088594,0.004347135502169183,0.0,0.0,0.0,0.0
4813,0.006689501152160987,0.010388965655289281,0.022064417259077696,-0.00014302981831169822,-0.02178794612529979,0.0,0.0,0.0,0.0
4814,0.0072255370721955895,0.09313997011817425,0.1796044332079405,0.012243108156047258,0.0036380695762442076,0.0,0.0,0.0,0.0
4815,0.00774823902078222,0.06835527142716916,0.17720139310576175,-0.0018174952956387972,-0.02315658569367341,0.0,0.0,0.0,0.0
4816,0.00825664240625266,0.11071251880443705,0.10025282151505728,0.011726372125621687,0.0029222930349609303,0.0,0.0,0.0,0.0
4817,0.008749809023438465,-0.0033704307243275075,-0.019263483875314964,-0.003488592726259482,-0.024482489312299686,0.0,0.0,0.0,0.0
4818,0.009226828785030285,0.029362268014466578,0.14616599349254455,0.011187997731359313,0.0022011282403394533,0.0,0.0,0.0,0.0
4819,0.009686821401048614,-0.04082912857983274,0.10143667487067588,-0.005153219722645067,-0.025763227885698667,0.0,0.0,0.0,0.0
4820,0.010128938003326992,0.02204646905296568,-0.1027693995230368,0.010628975556942099,0.0014758953017807376,0.0,0.0,0.0,0.0
4821,0.010552362712008073,0.03740565936832508,0.17873791442510398,-0.006808342457120301,-0.026996394322562428,0.0,0.0,0.0,0.0
4822,0.010956314141165909,0.041245650371783356,0.2186920095373561,0.01005033798431505,0.0007479390505538156,0.0,0.0,0.0,0.0
4823,0.011340046840771901,-0.027840627573790834,0.03144812120132601,-0.008450932619635636,-0.028179774323087634,0.0,0.0,0.0,0.0
4824,0.011702852672342402,0.08168077227776253,-0.11772625679141528,0.009453156512637543,1.860150725276074e-05,0.0,0.0,0.0,0.0
4825,0.012044062115736678,-0.013605243962867103,-0.11875708791896132,-0.010077915821655719,-0.029311168662202246,0.0,0.0,0.0,0.0
4826,0.01236304550468487,-0.06174959355803323,-0.022307362259843415,0.008838531720709399,-0.000710769098193562,0.0,0.0,0.0,0.0
4827,0.012659214188771546,0.05732623844649348,-0.020909287534883803,-0.011686274776635846,-0.030388455000944545,0.0,0.0,0.0,0.0
4828,0.012932021619727419,-0.037425938780177956,-0.04045895388173802,0.008207593837415572,-0.0014388218285531795,0.0,0.0,0.0,0.0
4829,0.013180964360028784,0.04277106701093263,0.04842123742384307,-0.01327308570627541,-0.03140964652515795,0.0,0.0,0.0,0.0
4830,0.013405583011936962,0.006607599882984984,-0.09830898245837502,0.007561509958836617,-0.0021642185458088867,0.0,0.0,0.0,0.0
4831,0.01360546306526905,0.018319770221314008,0.12543652677735023,-0.014835417434921727,-0.032372873297559716,0.0,0.0,0.0,0.0
4832,0.013780235662333723,0.01570701065852404,0.10492693340560195,0.006901475155562727,-0.0028856279326179763,0.0,0.0,0.0,0.0
4833,0.013929578278618845,-0.018795153954498413,0.1352198263628203,-0.016370341669372058,-0.03327637611853055,0.0,0.0,0.0,0.0
4834,0.014053215317976877,-0.01976896148750065,-0.015848276937955003,0.006228699390073194,-0.0036017084700828454,0.0,0.0,0.0,0.0
4835,0.014150918621208328,-0.09068701798405614,-0.09567792042101782,-0.01787512471276401,-0.0341184226242207,0.0,0.0,0.0,0.0
4836,0.014222507887106373,0.02352976309595349,-0.11161658731023849,0.0055444301003382875,-0.004311142935693681,0.0,0.0,0.0,0.0
4837,0.014267851005183123,-0.016697597743965367,0.22763611526249977,-0.01934687965191384,-0.03489754470469924,0.0,0.0,0.0,0.0
4838,0.014286864299465962,-0.020890126684135413,0.021257423049758882,0.004849930117100333,-0.005012620703043505,0.0,0.0,0.0,0.0
4839,0.014279512682912875,-0.0864558830090954,0.3127076679958625,-0.02078294252611907,-0.03561225403924445,0.0,0.0,0.0,0.0
4840,0.014245809722161776,-0.013684229673556595,-0.004988567381064404,0.004146480985324683,-0.0057048482828451425,0.0,0.0,0.0,0.0
4841,0.014185817612494746,-0.002317096088531461,-0.006553985497326241,-0.022180632733940282,-0.03626126108706796,0.0,0.0,0.0,0.0
4842,0.014099647063063145,-0.05980659544435469,-0.1685522394256048,0.0034353798836297073,-0.006386548030060856,0.0,0.0,0.0,0.0
4843,0.013987457092585488,-0.06039331110334459,0.07474729785072351,-0.023537407605935482,-0.03684335195766816,0.0,0.0,0.0,0.0
4844,0.013849454735895052,-0.14521613890343682,-0.04468251801260585,0.0027179373954628384,-0.0070564619531231915,0.0,0.0,0.0,0.0
4845,0.01368589466187868,-0.014224432755284368,-0.2530192594119743,-0.024850770671395597,-0.03735745784443267,0.0,0.0,0.0,0.0
4846,0.01349707870351249,0.025526599508163703,0.07841048684042899,0.001995478369342314,-0.007713349074194759,0.0,0.0,0.0,0.0
4847,0.013283355300860238,-0.03577112765772677,-0.04248276374293695,-0.026118255884218358,-0.037802620595918095,0.0,0.0,0.0,0.0
4848,0.013045118858063377,0.02644994012694481,0.04302634823274496,0.0012693404187229453,-0.008356002132627048,0.0,0.0,0.0,0.0
4849,0.012782809015510935,-0.038236336657842124,0.005817112451654713,-0.027337494066081266,-0.03817799589705395,0.0,0.0,0.0,0.0
4850,0.012496909838527758,-0.07596317211550926,-0.12437237341644791,0.0005408597240212944,-0.008983237117538236,0.0,0.0,0.0,0.0
4851,0.01218794892408343,-0.031902243452477975,0.04524589404422113,-0.028506323204343327,-0.03848290542698076,0.0,0.0,0.0,0.0
4852,0.011856496427166973,0.018615220225348065,0.1563095785559586,-0.00018861758596307293,-0.009593893685341498,0.0,0.0,0.0,0.0
4853,0.01150316400862671,-0.09633558250477259,0.044993478380227055,-0.029622521323651573,-0.03871681866566589,0.0,0.0,0.0,0.0
4854,0.011128603706412,0.05602994193692562,0.03508214835257701,-0.0009177489382187327,-0.010186845376781708,0.0,0.0,0.0,0.0
4855,0.010733506732307519,-0.026664922243754694,0.02014373209473684,-0.030684097791155305,-0.038879295499898374,0.0,0.0,0.0,0.0
4856,0.010318602196374302,-0.013347632161724075,-0.14652602076653398,-0.0016451872207566558,-0.010760998022013519,0.0,0.0,0.0,0.0
4857,0.009884655761452164,-0.052823304324278286,0.13501341829204794,-0.031689055785487086,-0.0389700191476668,0.0,0.0,0.0,0.0
4858,0.009432468230210225,0.08503184877009817,-0.15161907620154208,-0.0023695886847579415,-0.011315293388364876,0.0,0.0,0.0,0.0
4859,0.008962874067348919,0.04068108244415357,-0.055917240740269214,-0.03263551608631443,-0.03898885110199099,0.0,0.0,0.0,0.0
4860,0.008476739859684418,-0.014565746476613236,0.007363859312388327,-0.0030896128089603404,-0.011848708075732548,0.0,0.0,0.0,0.0
4861,0.00797496271695034,-0.0068521632655072495,0.11689013919011665,-0.03352176387068779,-0.03893574252124437,0.0,0.0,0.0,0.0
4862,0.007458468616278539,-0.06448253799151644,0.12786771693688934,-0.0038039370754733206,-0.01236025794335838,0.0,0.0,0.0,0.0
4863,0.006928210693405159,0.0012964125598543888,0.008969611250849184,-0.03434610306954924,-0.03881078784186067,0.0,0.0,0.0,0.0
4864,0.0063851674837567835,-0.02080273555589438,-0.01260838845593625,-0.00451124351492541,-0.012848993109050735,0.0,0.0,0.0,0.0
4865,0.005830341116667205,0.0033833768846946027,0.15848503568761188,-0.03510708481977614,-0.03861419192784702,0.0,0.0,0.0,0.0
4866,0.005264755466052428,-0.03242514748579042,-0.01832071831674078,-0.00521022399503868,-0.013314011340157498,0.0,0.0,0.0,0.0
4867,0.004689454260958658,-0.06915570790366925,0.004357782525291412,-0.03580326674626225,-0.03834634124136015,0.0,0.0,0.0,0.0
4868,0.004105499159469728,-0.001567448739872553,-0.09150797864375823,-0.005899589893080042,-0.013754458559008335,0.0,0.0,0.0,0.0
4869,0.0035139677895283518,-0.04629046586737841,-0.1984928424286747,-0.03643339497832959,-0.03800771543423261,0.0,0.0,0.0,0.0
4870,0.0029159517602863083,-0.09086947987867122,-0.17183824751194993,-0.0065780686272272565,-0.014169525729663198,0.0,0.0,0.0,0.0
4871,0.002312554647655724,0.01660659931597662,0.04278891366033324,-0.03699628533285007,-0.03759896182438855,0.0,0.0,0.0,0.0
4872,0.0017048899577734142,-0.033269294292315454,0.005803145987863011,-0.007244408796805126,-0.014558444299543992,0.0,0.0,0.0,0.0
4873,0.0010940790721415616,0.0017442072069970074,0.09601327186530939,-0.03749091749292597,-0.03712082384739331,0.0,0.0,0.0,0.0
4874,0.00048124917823930895,-0.032746366228518016,0.13519907158511943,-0.007897375762323822,-0.014920497675950642,0.0,0.0,0.0,0.0
4875,-0.00013246881058763727,0.0354782259326633,-0.1736378245084723,-0.037916353980430355,-0.036574182551928104,0.0,0.0,0.0,0.0
4876,-0.0007459423421070543,-0.027708722335355193,0.05169063346783581,-0.008535766617458262,-0.015255017678627584,0.0,0.0,0.0,0.0
4877,-0.0013580393152074655,-0.0008005894557155321,-0.07234074200414864,-0.03827184084368053,-0.03596005085004738,0.0,0.0,0.0,0.0
4878,-0.0019676301690700814,-0.027580748812915227,0.06898105662721063,-0.009158407400333347,-0.015561387704329013,0.0,0.0,0.0,0.0
4879,-0.002573589967658953,-0.1285494302462749,0.017694258790209645,-0.03855669815562436,-0.035279544774291315,0.0,0.0,0.0,0.0
4880,-0.0031748004756688947,-0.03240715550452074,-0.1298634783676411,-0.00976415033624631,-0.01583904100564484,0.0,0.0,0.0,0.0
4881,-0.0037701522221119826,-0.027288062501501287,0.00085470092794767,-0.0387703850053228,-0.03453393568255455,0.0,0.0,0.0,0.0
4882,-0.004358546547731974,-0.02331260249244565,-0.1645958314612778,-0.010351877493489639,-0.01608746510450815,0.0,0.0,0.0,0.0
4883,-0.004938897632463235,-0.0674195258385423,0.0010659212646331809,-0.03891253392036129,-0.03372460562066411,0.0,0.0,0.0,0.0
4884,-0.005510134499198283,-0.017584936316349192,0.0013807521832167637,-0.010920494680879921,-0.016306200961678154,0.0,0.0,0.0,0.0
4885,-0.006071202990163796,0.017777601251446597,-0.10752362237850283,-0.038982877973607034,-0.03285303876712574,0.0,0.0,0.0,0.0
4886,-0.0066210677122583135,-0.04046767391721354,-0.02019858632722342,-0.011468961180614058,-0.016494846625118124,0.0,0.0,0.0,0.0
4887,-0.007158713947762052,-0.015340897014260172,0.2174862408384098,-0.03898128368165112,-0.03192084693498313,0.0,0.0,0.0,0.0
4888,-0.0076831495268907,0.004933207517629474,-0.01653637090361669,-0.01199626781092932,-0.0166530523736826,0.0,0.0,0.0,0.0
4889,-0.008193406658742913,-0.051318638680246095,-0.06349661799606744,-0.03890771724850258,-0.03092974398098031,0.0,0.0,0.0,0.0
4890,-0.008688543717255245,-0.04510100302752994,-0.08480566581291447,-0.012501436873444424,-0.016780533029848537,0.0,0.0,0.0,0.0
4891,-0.009167646978876343,-0.016956247166006518,-0.10711600492990642,-0.038762386805792776,-0.029881541330539548,0.0,0.0,0.0,0.0
4892,-0.009629832308744772,0.0507983425055995,-0.0002498912310967723,-0.012983534615867622,-0.01687704381252625,0.0,0.0,0.0,0.0
4893,-0.010074246792270494,-0.07062807750455793,0.02347893205053799,-0.03854550558514637,-0.028778196599427368,0.0,0.0,0.0,0.0
4894,-0.010500070309097716,-0.013278965593115002,-0.19129703159552058,-0.01344167281848941,-0.01694240981332538,0.0,0.0,0.0,0.0
4895,-0.01090651704655167,-0.04724444514198915,0.09195919871155878,-0.038257499661064745,-0.027621748989629578,0.0,0.0,0.0,0.0
4896,-0.011292836949772478,-0.008583433502541149,-0.12318528056560374,-0.013875006306143911,-0.016976510140648333,0.0,0.0,0.0,0.0
4897,-0.01165831710586418,-0.030261663269272026,-0.08121939820560592,-0.037898902672641406,-0.026414323698262996,0.0,0.0,0.0,0.0
4898,-0.01200228305950084,-0.11945776621173662,0.06024914269641872,-0.014282735662932582,-0.016979281912653754,0.0,0.0,0.0,0.0
4899,-0.012324100057561122,0.04847667535119374,0.028323375566947744,-0.03747037783847175,-0.025158162485639367,0.0,0.0,0.0,0.0
4900,-0.012623174220500978,-0.005148001829392072,0.12171654270143789,-0.014664108121375072,-0.016950719276983026,0.0,0.0,0.0,0.0
4901,-0.012898953638294951,-0.01058591915668081,-0.194200473136598,-0.03697270690267437,-0.023855568552274685,0.0,0.0,0.0,0.0
4902,-0.013150929388928676,-0.05220497775146836,-0.18487785677614704,-0.015018418961147736,-0.016890873046488022,0.0,0.0,0.0,0.0
4903,-0.013378636477560327,-0.016061251286473784,-0.05761231818047259,-0.03640679493014029,-0.0225089343258129,0.0,0.0,0.0,0.0
4904,-0.013581654694621465,0.006721676532839059,-0.09225155552427693,-0.015345014258361907,-0.016799855240870697,0.0,0.0,0.0,0.0
4905,-0.013759609391268267,-0.047849476415415565,-0.10683489294307846,-0.035773688506366995,-0.021120770057412298,0.0,0.0,0.0,0.0
4906,-0.013912172170757062,0.028194119758478717,-0.010900242409541253,-0.015643291650642873,-0.016677833959709926,0.0,0.0,0.0,0.0
4907,-0.014039061494466635,-0.14837496856681281,-0.11516684698865634,-0.03507456348560968,-0.019693650129507946,0.0,0.0,0.0,0.0
4908,-0.014140043201447773,-0.08510108674143378,-0.23945560968612845,-0.015912700593606496,-0.016525038378940187,0.0,0.0,0.0,0.0
4909,-0.01421493094054288,-0.008414834172410884,-0.23036939954945193,-0.03431070678521819,-0.018230214056412595,0.0,0.0,0.0,0.0
4910,-0.014263586514277515,-0.041603543123843144,-0.11614041841581889,-0.01615274566915708,-0.016341746288872135,0.0,0.0,0.0,0.0
4911,-0.014285920133889329,-0.11432242809335788,0.004049590674997286,-0.03348355293367947,-0.016733105408083787,0.0,0.0,0.0,0.0
4912,-0.014281890585023833,-0.08559472212515666,-0.14378287626337927,-0.016362981276267962,-0.01612829411537519,0.0,0.0,0.0,0.0
4913,-0.014251505303791174,0.00429126810191921,0.08673313551787089,-0.03259459142045194,-0.015205067805840447,0.0,0.0,0.0,0.0
4914,-0.014194820363043568,-0.1281076644089727,0.10173012334921258,-0.016543020253110982,-0.015885083866508828,0.0,0.0,0.0,0.0
4915,-0.014111940368898785,-0.1084094550118752,-0.010520132044187473,-0.031645470263257244,-0.013649071446680814,0.0,0.0,0.0,0.0
4916,-0.014003018267700207,-0.020821058202285143,-0.0669945600771224,-0.01669253178019546,-0.015612561549405496,0.0,0.0,0.0,0.0
4917,-0.01386825506377101,-0.05369646465569479,-0.18057792888406154,-0.030637975092887657,-0.01206790875723076,0.0,0.0,0.0,0.0
4918,-0.013707899448481132,0.013123779470084255,0.17818555705906383,-0.01681123767830108,-0.015311228779625877,0.0,0.0,0.0,0.0
4919,-0.013522247341313706,0.008375474440405394,0.022372641174201503,-0.029573915893505026,-0.010464469922871807,0.0,0.0,0.0,0.0
4920,-0.013311641343776472,-0.057068118434728296,-0.0873876854237983,-0.01689892143125134,-0.014981642063426344,0.0,0.0,0.0,0.0
4921,-0.013076470107167329,0.043679030354883394,-0.03509989880716291,-0.02845530528326923,-0.008841726777401708,0.0,0.0,0.0,0.0
4922,-0.012817167615357623,-0.007514767343230887,-0.10964617217725453,-0.016955419944721953,-0.014624409654149018,0.0,0.0,0.0,0.0
4923,-0.012534212383921668,0.03817917554378106,0.08793752049064338,-0.027284179966154107,-0.007202671024605633,0.0,0.0,0.0,0.0
4924,-0.012228126577086431,-0.07829482572537431,-0.022701270196072286,-0.016980628437498174,-0.014240190750910448,0.0,0.0,0.0,0.0
4925,-0.011899475044131198,-0.02480187749088654,-0.1066767597794411,-0.026062693593837404,-0.005550326747672944,0.0,0.0,0.0,0.0
4926,-0.011548864277018152,-0.13763089409922138,0.10882486514241205,-0.016974504199120125,-0.013829693937042455,0.0,0.0,0.0,0.0
4927,-0.01117694129117459,-0.02070594286729862,-0.05828531540806522,-0.024793124341681468,-0.0038877409882964935,0.0,0.0,0.0,0.0
4928,-0.010784392431495019,-0.12276011410711878,0.16750501137531107,-0.016937056490314534,-0.01339367756573308,0.0,0.0,0.0,0.0
4929,-0.01037194210576105,0.020664868856455142,0.10901447409374469,-0.02347780515973787,-0.0022179857873342655,0.0,0.0,0.0,0.0
4930,-0.009940351447824989,-0.04040534456403698,0.1517763391581569,-0.01686835262951459,-0.012932945459119084,0.0,0.0,0.0,0.0
4931,-0.009490416913016974,-0.07261112166218275,-0.0021986808634522773,-0.022119131743161602,-0.0005441388287722951,0.0,0.0,0.0,0.0
4932,-0.009022968808368672,-0.15115792795823713,-0.005309954369496836,-0.016768512563610456,-0.01244834881347097,0.0,0.0,0.0,0.0
4933,-0.008538869760369775,-0.007327901930579422,0.06639581309933427,-0.02071959409110069,0.001130707592907626,0.0,0.0,0.0,0.0
4934,-0.008039013123080967,0.014530014505912348,0.021776902650278103,-0.016637726122254178,-0.01194078096075534,0.0,0.0,0.0,0.0
4935,-0.007524321329542593,-0.04313387154994042,0.011837973553165935,-0.019281808852338555,0.0028034665054267865,0.0,0.0,0.0,0.0
4936,-0.00699574418952118,0.038118253981948166,-0.15344811620479132,-0.016476234831917524,-0.011411179585959483,0.0,0.0,0.0,0.0
4937,-0.006454257136734672,0.022752570317392622,0.082104920754005,-0.017808440867000095,0.0044710477500260835,0.0,0.0,0.0,0.0
4938,-0.005900859428793173,0.021792281878005755,-0.05824670798693182,-0.016284337259645502,-0.010860520965975425,0.0,0.0,0.0,0.0
4939,-0.005336572303171597,-0.018824618658231554,-0.008749604830778834,-0.016302216221269823,0.006130377675171191,0.0,0.0,0.0,0.0
4940,-0.004762437092624737,0.007150144782204559,0.20948241966387574,-0.016062385575015884,-0.01028982247899623,0.0,0.0,0.0,0.0
4941,-0.004179513303514535,-0.08135029009025635,0.08415792677175622,-0.014765918868798276,0.007778390527517795,0.0,0.0,0.0,0.0
4942,-0.0035888766606059393,-0.04117116516460303,0.063643224310604,-0.015810792523519055,-0.00970013577697514,0.0,0.0,0.0,0.0
4943,-0.002991617121925767,0.040258119599687,0.008815921273771482,-0.013202405014509876,0.009412049900379745,0.0,0.0,0.0,0.0
4944,-0.0023888368673613022,-0.015792513318926085,-0.007603677776475643,-0.015530023568516594,-0.009092546424460432,0.0,0.0,0.0,0.0
4945,-0.00178164826470203,0.03301802342433327,0.047378644983030405,-0.011614573980356818,0.011028410306267727,0.0,0.0,0.0,0.0
4946,-0.001171171816883474,0.021866093077453717,-0.16563429263003598,-0.01522060148054286,-0.008468172140675473,0.0,0.0,0.0,0.0
4947,-0.0005585340942124229,-0.035999473857940535,-0.044828894812936206,-0.010005367044296961,0.01262449824097779,0.0,0.0,0.0,0.0
4948,5.513434459688423e-05,0.024455860047364518,-0.22817192162872965,-0.014883094468554991,-0.00782816912515618,0.0,0.0,0.0,0.0
4949,0.0006687010387507777,-0.05487792077509214,-0.0316680243304838,-0.008377705113452942,0.014197286774582991,0.0,0.0,0.0,0.0
4950,0.001281033715215904,0.0033617830826271535,-0.2023704126736316,-0.014518120385216085,-0.007173718573028086,0.0,0.0,0.0,0.0
4951,0.001891002378208827,0.025252232552071267,0.1723002163549101,-0.006734518062777963,0.015743873042253054,0.0,0.0,0.0,0.0
4952,0.0024974813944856292,-0.06260694314949136,0.04494815283600487,-0.014126346874435673,-0.006506030710097649,0.0,0.0,0.0,0.0
4953,0.003099351570578104,-0.053050607586663946,0.047885244448473224,-0.005078775415650946,0.017261343652774347,0.0,0.0,0.0,0.0
4954,0.0036955022181520063,0.03608910415889926,-0.025491941901936082,-0.013708509131841769,-0.005826334792051871,0.0,0.0,0.0,0.0
4955,0.004284833203662368,0.15724398636266268,0.02154054936156875,-0.003413760544080259,0.01874700364686103,0.0,0.0,0.0,0.0
4956,0.00486625697853511,-0.06212205459538104,0.0753643130091961,-0.013265372851266033,-0.005135884934535984,0.0,0.0,0.0,0.0
4957,0.005438700586125897,-0.0082136328200362,0.046534448796765215,-0.001742433041822761,0.020198081145157903,0.0,0.0,0.0,0.0
4958,0.006001107641747624,-0.04584003726901617,0.11442958686429536,-0.012797759835211486,-0.0044359554350994175,0.0,0.0,0.0,0.0
4959,0.006552440282118034,-0.01048663155742193,0.061538496653522554,-6.790938898282446e-05,0.021611869408082542,0.0,0.0,0.0,0.0
4960,0.00709168108062765,0.006337865934078382,-0.057173842587546826,-0.012306531414727113,-0.0037278430241458184,0.0,0.0,0.0,0.0
4961,0.007617834924893952,0.09040012789849475,0.07747873020109651,0.0016067117533453796,0.02298571575183832,0.0,0.0,0.0,0.0
4962,0.008129930853137322,-0.02275514192270818,-0.03253856545948565,-0.011792591227278295,-0.0030128499970561596,0.0,0.0,0.0,0.0
4963,0.008627023845987927,0.041718913197152506,0.09877460903837884,0.0032783665686023453,0.024317186077937585,0.0,0.0,0.0,0.0
4964,0.009108196570421941,0.03906889191402042,0.002603610837240774,-0.01125688939230619,-0.0022922965840400903,0.0,0.0,0.0,0.0
4965,0.009572561072601857,-0.009469626757781896,-0.07311816519705416,0.004943986687374811,0.025603774329418735,0.0,0.0,0.0,0.0
4966,0.010019260416504078,0.025396415620560324,0.05189523414258383,-0.010700413939774613,-0.0015675126785616729,0.0,0.0,0.0,0.0
4967,0.010447470265301538,-0.05868572283216378,0.015300805924851838,0.006600495515853397,0.02684311210047791,0.0,0.0,0.0,0.0
4968,0.010856400402593936,0.012884349522208982,0.055198667144226034,-0.010124190765183618,-0.0008398358842278106,0.0,0.0,0.0,0.0
4969,0.011245296190667785,0.011586376489765415,0.09263541607534881,0.008244838816537713,0.028032910091716337,0.0,0.0,0.0,0.0
4970,0.011613439963101768,0.0747567125768788,-0.018372320448123633,-0.009529284287202717,-0.00011060912351959959,0.0,0.0,0.0,0.0
4971,0.011960152349143726,-0.008967427255072867,-0.15391432878762237,0.009873966260740519,0.02917097290616694,0.0,0.0,0.0,0.0
4972,0.012284793527420538,-0.034483998117727746,-0.07924551006884119,-0.008916792618234722,0.0006188218280815666,0.0,0.0,0.0,0.0
4973,0.012586764406659266,-0.0031429700836613506,0.06626103710582343,0.011484868844222769,0.0302552006077701,0.0,0.0,0.0,0.0
4974,0.012865507731247687,-0.04946211038968553,0.004360491808990654,-0.008287846092949172,0.001347110824950465,0.0,0.0,0.0,0.0
4975,0.013120509109592105,-0.00012484432758486964,0.015561421464075718,0.013074574230032446,0.03128359259680749,0.0,0.0,0.0,0.0
4976,0.013351297963372314,-0.020904627021557213,0.03322409629941827,-0.007643605681349208,0.0020729138350357858,0.0,0.0,0.0,0.0
4977,0.013557448395944771,0.00205441908034246,0.0455195744185493,0.014640144696598554,0.03225425130167253,0.0,0.0,0.0,0.0
4978,0.013738579978290234,-0.021880108595522123,0.13406713725793218,-0.0069852595457997445,0.002794891419692386,0.0,0.0,0.0,0.0
4979,0.013894358451055631,-0.014041702853848509,0.04001417842424825,0.016178705101461573,0.03316538568052357,0.0,0.0,0.0,0.0
4980,0.01402449634139476,-0.017933293840999367,0.12077830948848127,-0.0063140223564556,0.003511711205041836,0.0,0.0,0.0,0.0
4981,0.01412875349346896,0.04701963124740429,0.09119769160996222,0.017687418979595484,0.03401531452634634,0.0,0.0,0.0,0.0
4982,0.014206937511630074,-0.07928150221809747,-0.09778602509246069,-0.005631130663501863,0.004222050340308875,0.0,0.0,0.0,0.0
4983,0.014258904115466051,0.08471930123826939,0.20854733101656875,0.019163525326157543,0.03480246956933994,0.0,0.0,0.0,0.0
4984,0.014284557406055564,-0.06701542505998738,0.10900146536476395,-0.004937848760351102,0.004924597938591104,0.0,0.0,0.0,0.0
4985,0.01428385004293916,0.01595969552485202,-0.2120016742307943,0.020604233943550175,0.03552539837089531,0.0,0.0,0.0,0.0
4986,0.01425678333148136,0.028365389716905304,-0.028917186135425304,-0.004235454894839166,0.005618057495565887,0.0,0.0,0.0,0.0
4987,0.014203407220461593,-0.014375630092768578,0.21191174334532464,0.02200691349340493,0.036182767003836304,0.0,0.0,0.0,0.0
4988,0.014123820209899128,0.13792202546408544,0.12362964837179725,-0.003525245268338102,0.006301149281660978,0.0,0.0,0.0,0.0
4989,0.014018169169281407,0.018741758110724115,0.09325348723353494,0.023368975137563693,0.036773362513967865,0.0,0.0,0.0,0.0
4990,0.013886649066532012,-0.03853906214334953,0.017274155550491353,-0.002808528395144058,0.006972612703282607,0.0,0.0,0.0,0.0
4991,0.013729502608217292,-0.010634270405064598,-0.005070419741413437,0.024687938298940667,0.03729609515839877,0.0,0.0,0.0,0.0
4992,0.013547019791657787,0.03657126624630844,0.026944803751525977,-0.002086629859256187,0.007631208628737862,0.0,0.0,0.0,0.0
4993,0.013339537369767606,-0.0831807181839091,-0.023802600274895058,0.02596131912835377,0.037750000416504385,0.0,0.0,0.0,0.0
4994,0.013107438229612689,-0.004317236988641875,-0.011512768875085781,-0.0013608773890302008,0.008275721674566961,0.0,0.0,0.0,0.0
4995,0.01285115068583259,0.02734660841757559,-0.01834748640959554,0.027186838905423647,0.038134240769825696,0.0,0.0,0.0,0.0
4996,0.012571147690231575,0.004842541860190081,0.008495247778833993,-0.0006326160464954658,0.008904962448057337,0.0,0.0,0.0,0.0
4997,0.012267945958993855,0.007623960615525133,-0.04719811264155638,0.02836214208620257,0.038448107247613786,0.0,0.0,0.0,0.0
4998,0.011942105019139582,-0.0372796709760923,0.24831800712335375,9.681439321787227e-05,0.009517770775806216,0.0,0.0,0.0,0.0
4999,0.011594226175976344,-0.009850895634845806,-0.09831575153259571,0.02948512996343449,0.0386910395854274,0.0,0.0,0.0,0.0
